   0 0 0.005836 
   1 0 0.007849 
   3 0 0.007954 
   4 0 0.009045 
   2 0 0.007538 
   7 0 0.006941 
   5 0 0.007831 
   8 0 0.008112 
   6 0 0.007177 
   9 0 0.008195 
   15 0 0.005357 
   10 0 0.008089 
   16 0 0.005866 
   11 0 0.008665 
   23 0 0.006664 
   12 0 0.008617 
   21 0 0.007994 
   22 0 0.006571 
   13 0 0.007807 
   24 0 0.008054 
   20 0 0.008448 
   14 0 0.007329 
   28 0 0.008724 
   27 0 0.007432 
   18 0 0.007758 
   26 0 0.007035 
   19 0 0.007890 
   17 0 0.007946 
   25 0 0.007278 
   30 0 0.007560 
   29 0 0.007481 
   31 0 0.005110 
   0 1 0.102566 
   1 1 0.121216 
   2 1 0.110241 
   3 1 0.110951 
   4 1 0.148305 
   6 1 0.188902 
   5 1 0.157497 
   7 1 0.178095 
   8 1 0.172108 
   11 1 0.167432 
   9 1 0.173462 
   10 1 0.179798 
   14 1 0.189835 
   12 1 0.182788 
   13 1 0.207436 
   23 1 0.190370 
   15 1 0.117277 
   16 1 0.092922 
   20 1 0.123757 
   19 1 0.133967 
   18 1 0.118054 
   21 1 0.158961 
   17 1 0.130209 
   22 1 0.178026 
   24 1 0.192034 
   28 1 0.188077 
   25 1 0.171528 
   26 1 0.177128 
   27 1 0.184245 
   29 1 0.211616 
   30 1 0.183645 
   31 1 0.126325 
   0 2 0.083141 
   1 2 0.152570 
   2 2 0.129327 
   5 2 0.110483 
   4 2 0.126811 
   3 2 0.125151 
   6 2 0.142382 
   7 2 0.105857 
   9 2 0.147678 
   11 2 0.193507 
   10 2 0.192185 
   8 2 0.140696 
   15 2 0.174464 
   12 2 0.150841 
   16 2 0.100433 
   20 2 0.117176 
   22 2 0.147161 
   21 2 0.130537 
   14 2 0.191954 
   23 2 0.137878 
   13 2 0.185628 
   26 2 0.202646 
   24 2 0.145219 
   27 2 0.216290 
   28 2 0.196064 
   19 2 0.117316 
   17 2 0.150695 
   18 2 0.115562 
   30 2 0.209729 
   25 2 0.165017 
   29 2 0.180297 
   31 2 0.181310 
   0 3 0.123772 
   2 3 0.173570 
   1 3 0.153213 
   5 3 0.150540 
   3 3 0.185098 
   6 3 0.124788 
   11 3 0.163673 
   4 3 0.184358 
   12 3 0.186082 
   7 3 0.160986 
   8 3 0.166041 
   13 3 0.202631 
   9 3 0.172265 
   14 3 0.228099 
   15 3 0.128336 
   20 3 0.189404 
   19 3 0.215162 
   10 3 0.169867 
   23 3 0.161181 
   17 3 0.171727 
   16 3 0.109603 
   18 3 0.190116 
   24 3 0.150923 
   22 3 0.130416 
   26 3 0.145244 
   28 3 0.169132 
   21 3 0.138268 
   25 3 0.157683 
   27 3 0.157613 
   29 3 0.203208 
   30 3 0.226108 
   31 3 0.128709 
   0 4 0.186749 
   1 4 0.228798 
   2 4 0.171116 
   3 4 0.150581 
   4 4 0.177046 
   5 4 0.178091 
   6 4 0.178481 
   7 4 0.168963 
   9 4 0.148801 
   8 4 0.143901 
   11 4 0.149526 
   10 4 0.109861 
   15 4 0.113486 
   12 4 0.154684 
   22 4 0.167516 
   23 4 0.151421 
   13 4 0.144261 
   16 4 0.174830 
   14 4 0.122661 
0 1566095 4 sector_04_00 38.946533 15 38.946533 1 2 0 36.344086
   21 4 0.174304 
   24 4 0.131837 
   20 4 0.152625 
   27 4 0.138992 
   19 4 0.150751 
   18 4 0.147396 
   28 4 0.142235 
   17 4 0.203680 
   30 4 0.134887 
0 1567691 sector_04_00 38.946533 15 36.344086
   26 4 0.116654 
   25 4 0.152132 
   29 4 0.142392 
   31 4 0.092884 
17 1565897 4 sector_01_01 38.495291 10 38.495291 1 10 1 36.344086
16 1565908 4 sector_05_00 38.821836 30 38.821836 1 2 0 36.344086
4 1566004 4 sector_06_04 38.357252 14 38.357252 1 3 0 36.344086
5 1566038 4 sector_06_05 39.074680 24 39.074680 1 3 0 36.344086
6 1566050 4 sector_02_06 40.090478 27 40.090478 1 2 0 36.344086
2 1566145 4 sector_00_02 37.881732 26 37.881732 1 4 8 36.344086
1 1566038 4 sector_00_01 37.921209 31 37.921209 1 6 0 36.344086
6 1567654 sector_02_06 40.090478 27 36.344086
4 1567932 sector_06_04 38.357252 14 36.344086
16 1567287 sector_05_00 38.821836 30 36.344086
5 1568076 sector_06_05 39.074680 24 36.344086
2 1568563 sector_00_02 37.881732 26 36.344086
1 1569022 sector_00_01 37.921209 31 36.344086
17 1570125 sector_01_01 38.495291 10 36.344086
   0 5 0.117703 
   1 5 0.182456 
   2 5 0.155615 
   3 5 0.168338 
   5 5 0.118375 
   4 5 0.148264 
   6 5 0.112653 
   7 5 0.145323 
   11 5 0.134941 
   8 5 0.140553 
   12 5 0.131091 
   10 5 0.202258 
   13 5 0.142645 
   9 5 0.112353 
   20 5 0.181748 
   16 5 0.112905 
   19 5 0.170678 
   23 5 0.164506 
   21 5 0.149351 
   15 5 0.146033 
   22 5 0.137038 
   14 5 0.205066 
   18 5 0.189799 
   24 5 0.160519 
   28 5 0.131909 
   26 5 0.126998 
   17 5 0.147462 
   27 5 0.140495 
   25 5 0.120972 
   29 5 0.151549 
   30 5 0.183648 
   31 5 0.177619 
31 1631841 5 sector_03_15 50.043813 11 50.043813 1 2 0 43.328866
18 1632378 5 sector_05_02 45.772595 9 45.772595 1 7 8 45.626574
20 1632429 5 sector_03_04 47.640765 16 47.640765 1 10 0 45.626574
10 1632486 5 sector_04_10 45.748697 0 45.748697 1 9 0 45.626574
14 1632513 5 sector_06_04 47.019373 5 47.019373 1 6 0 45.626574
19 1632540 5 sector_07_03 47.261080 26 47.261080 1 2 0 45.626574
1 1632593 5 sector_04_01 46.010005 6 46.010005 1 6 4 45.626574
30 1632264 5 sector_03_14 48.172987 25 48.172987 1 3 0 45.626574
31 1633888 sector_03_15 50.043813 11 45.626574
30 1634045 sector_03_14 48.172987 25 45.626574
19 1634287 sector_07_03 47.261080 26 45.626574
14 1635533 sector_06_04 47.019373 5 45.626574
1 1635680 sector_04_01 46.010005 6 45.626574
20 1636207 sector_03_04 47.640765 16 45.626574
18 1636481 sector_05_02 45.772595 9 45.626574
10 1637526 sector_04_10 45.748697 0 45.626574
   0 6 0.110597 
   1 6 0.116705 
   2 6 0.122919 
   3 6 0.130797 
   4 6 0.081153 
   7 6 0.121991 
   5 6 0.112878 
   9 6 0.192093 
   10 6 0.205354 
   6 6 0.139003 
   8 6 0.119955 
   22 6 0.100755 
   11 6 0.162273 
   16 6 0.110263 
   15 6 0.108458 
   13 6 0.129789 
   23 6 0.118760 
   12 6 0.147569 
   21 6 0.137028 
   14 6 0.123148 
   27 6 0.151689 
   20 6 0.115247 
   24 6 0.146978 
   17 6 0.104309 
   18 6 0.127638 
   26 6 0.198861 
   28 6 0.125704 
   19 6 0.096303 
   25 6 0.145273 
   30 6 0.147058 
   29 6 0.121715 
   31 6 0.094346 
27 1698350 6 sector_05_11 54.145676 17 54.145676 1 2 0 50.731240
24 1698379 6 sector_05_08 54.099545 0 54.099545 1 5 12 50.731240
9 1698527 6 sector_05_02 53.282683 19 53.282683 1 12 0 50.731240
25 1698541 6 sector_05_09 53.858668 1 53.858668 1 3 0 50.731240
10 1698553 6 sector_02_10 53.370707 4 53.370707 1 6 0 50.731240
11 1698655 6 sector_00_11 52.770482 15 52.770482 1 5 0 50.731240
12 1698724 6 sector_00_12 53.350833 22 53.350833 1 2 6 50.731240
26 1698514 6 sector_03_10 53.658419 31 53.658419 1 4 7 50.731240
27 1699745 sector_05_11 54.145676 17 50.731240
25 1700235 sector_05_09 53.858668 1 50.731240
11 1700834 sector_00_11 52.770482 15 50.731240
12 1701271 sector_00_12 53.350833 22 50.731240
10 1702050 sector_02_10 53.370707 4 50.731240
26 1702613 sector_03_10 53.658419 31 50.731240
9 1705868 sector_05_02 53.282683 19 53.109710
24 1707032 sector_05_08 54.099545 0 53.109710
   0 7 0.151689 
   1 7 0.120759 
   2 7 0.147209 
   3 7 0.136580 
   5 7 0.172105 
   4 7 0.154892 
   7 7 0.161309 
   9 7 0.167209 
   11 7 0.181218 
   6 7 0.146238 
   12 7 0.147242 
   10 7 0.127921 
   8 7 0.167578 
   15 7 0.122652 
   22 7 0.183145 
   20 7 0.119678 
   23 7 0.162245 
   16 7 0.104088 
   13 7 0.130065 
   24 7 0.158364 
   19 7 0.168638 
   14 7 0.118691 
   26 7 0.158746 
   28 7 0.168426 
   27 7 0.199498 
   21 7 0.150328 
   18 7 0.125108 
   17 7 0.162996 
   25 7 0.149067 
   29 7 0.144769 
   30 7 0.105353 
   31 7 0.138936 
27 1764409 7 sector_03_11 60.676739 16 60.676739 1 6 0 59.162105
22 1764476 7 sector_01_06 59.703412 14 59.703412 1 9 0 59.162105
9 1764568 7 sector_06_09 64.560026 15 999999999.000000 2 1 0 59.162105
17 1764573 7 sector_07_01 62.890924 18 62.890924 1 6 16 59.162105
11 1764591 7 sector_06_11 63.518973 30 63.518973 1 2 0 59.162105
8 1764617 7 sector_06_08 59.979236 10 999999999.000000 2 2 0 59.162105
5 1764733 7 sector_02_05 60.043050 20 60.043050 1 4 1 59.162105
7 1764854 7 sector_00_07 63.953746 1 63.953746 1 1 0 59.162105
11 1766235 sector_06_11 63.518973 30 59.162105
7 1766328 sector_00_07 63.953746 1 59.162105
8 1766430 sector_06_08 59.979236 10 59.162105
9 1766581 sector_06_09 64.560026 15 59.162105
5 1767075 sector_02_05 60.043050 20 59.162105
27 1767506 sector_03_11 60.676739 16 59.162105
22 1768233 sector_01_06 59.703412 14 59.162105
17 1768503 sector_07_01 62.890924 18 59.162105
   0 8 0.207545 
   1 8 0.135522 
   2 8 0.117322 
   4 8 0.164524 
   5 8 0.100709 
   3 8 0.157489 
0 1833911 8 sector_05_08 69.520921 5 69.520921 1 5 0 66.803505
   6 8 0.200382 
   9 8 0.109022 
   11 8 0.122206 
   7 8 0.166584 
   10 8 0.144264 
   22 8 0.186064 
   13 8 0.153894 
   12 8 0.119874 
   8 8 0.105575 
   14 8 0.195682 
   18 8 0.146903 
   20 8 0.169763 
   21 8 0.188464 
   16 8 0.176866 
0 1837016 sector_05_08 69.520921 5 69.002587
   15 8 0.174262 
   17 8 0.107153 
   19 8 0.161548 
   27 8 0.118617 
   23 8 0.201651 
   26 8 0.145195 
   24 8 0.154946 
   25 8 0.155874 
   30 8 0.149935 
   28 8 0.150379 
   29 8 0.146050 
   31 8 0.169220 
22 1830515 8 sector_03_06 71.801135 12 71.801135 1 3 0 66.803505
23 1830534 8 sector_03_07 70.589491 9 70.589491 1 3 0 66.803505
16 1830565 8 sector_03_04 69.929733 11 69.929733 1 1 0 66.803505
21 1830588 8 sector_03_05 69.741587 2 69.741587 1 6 4 66.803505
15 1830604 8 sector_04_00 69.656304 27 69.656304 1 2 0 66.803505
14 1830728 8 sector_06_14 69.383644 17 69.383644 1 9 0 66.803505
6 1830901 8 sector_04_06 70.043647 8 70.043647 1 11 0 66.803505
22 1832889 sector_03_06 71.801135 12 66.803505
6 1834868 sector_04_06 70.043647 8 66.803505
14 1834195 sector_06_14 69.383644 17 66.803505
21 1834614 sector_03_05 69.741587 2 66.803505
16 1831854 sector_03_04 69.929733 11 66.803505
15 1831957 sector_04_00 69.656304 27 66.803505
23 1833090 sector_03_07 70.589491 9 66.803505
   0 9 0.103758 
   1 9 0.161812 
   2 9 0.195641 
   5 9 0.197601 
   3 9 0.194913 
   4 9 0.171010 
   6 9 0.133993 
   11 9 0.155567 
   12 9 0.123335 
   7 9 0.108476 
   9 9 0.114855 
   10 9 0.110634 
   8 9 0.112743 
   19 9 0.184748 
   14 9 0.195041 
   20 9 0.207361 
   13 9 0.160147 
   15 9 0.178672 
   22 9 0.104280 
   16 9 0.130086 
   21 9 0.153619 
   23 9 0.096341 
   26 9 0.140441 
   18 9 0.181675 
   24 9 0.145722 
   27 9 0.136652 
   17 9 0.140572 
   28 9 0.133884 
   29 9 0.129764 
   30 9 0.159814 
   25 9 0.141120 
   31 9 0.136259 
20 1900437 9 sector_02_05 77.207584 23 77.207584 1 10 8 75.465294
18 1900486 9 sector_07_01 77.876767 9 77.876767 1 7 0 75.465294
4 1900508 9 sector_00_04 81.568428 12 81.568428 1 1 0 75.465294
19 1900581 9 sector_01_03 78.311033 10 78.311033 1 2 6 75.465294
5 1900609 9 sector_04_05 77.365891 22 77.365891 1 3 0 75.465294
14 1900625 9 sector_01_06 78.404246 8 78.404246 1 4 0 75.465294
2 1900649 9 sector_03_05 77.365891 0 77.365891 1 9 7 75.465294
3 1900666 9 sector_04_03 81.655389 7 81.655389 1 1 0 75.465294
3 1902109 sector_04_03 81.655389 7 75.465294
4 1902251 sector_00_04 81.568428 12 75.465294
5 1902494 sector_04_05 77.365891 22 75.465294
14 1902790 sector_01_06 78.404246 8 75.465294
19 1902969 sector_01_03 78.311033 10 75.465294
18 1904320 sector_07_01 77.876767 9 75.465294
20 1904510 sector_02_05 77.207584 23 75.465294
2 1909220 sector_03_05 77.365891 0 77.616443
   0 10 0.146880 
   1 10 0.152372 
   2 10 0.150800 
   6 10 0.129280 
   4 10 0.173576 
   5 10 0.144447 
   3 10 0.155769 
   13 10 0.138741 
   11 10 0.153644 
   7 10 0.169466 
   14 10 0.128748 
   9 10 0.219408 
   8 10 0.202792 
   10 10 0.173347 
   12 10 0.197951 
   18 10 0.128505 
   20 10 0.147293 
   17 10 0.137714 
   15 10 0.150407 
   23 10 0.172150 
   22 10 0.162406 
   21 10 0.124322 
   16 10 0.119811 
   19 10 0.151824 
   25 10 0.166733 
   24 10 0.159151 
   27 10 0.149017 
   28 10 0.139015 
   26 10 0.173099 
   29 10 0.149416 
   30 10 0.170655 
   31 10 0.130248 
30 1966034 10 sector_07_14 87.640615 28 87.640615 1 4 0 84.492621
23 1966162 10 sector_07_07 86.763859 13 86.763859 1 3 0 84.492621
26 1966177 10 sector_00_02 87.276333 17 87.276333 1 1 0 84.492621
9 1966230 10 sector_02_09 86.832656 16 86.832656 1 9 0 84.492621
8 1966243 10 sector_04_06 85.646713 6 85.646713 1 5 0 84.492621
10 1966260 10 sector_00_10 86.530014 21 86.530014 1 2 0 84.492621
12 1966300 10 sector_06_12 87.844765 14 87.844765 1 1 0 84.492621
4 1966311 10 sector_02_10 88.742859 18 88.742859 1 2 0 84.492621
26 1967489 sector_00_02 87.276333 17 84.492621
12 1967738 sector_06_12 87.844765 14 84.492621
10 1967960 sector_00_10 86.530014 21 84.492621
23 1967969 sector_07_07 86.763859 13 84.492621
30 1968367 sector_07_14 87.640615 28 84.492621
4 1968603 sector_02_10 88.742859 18 84.492621
8 1969163 sector_04_06 85.646713 6 84.492621
9 1969913 sector_02_09 86.832656 16 84.492621
   0 11 0.160197 
   1 11 0.169205 
   2 11 0.119586 
   4 11 0.108346 
   3 11 0.117489 
   5 11 0.156018 
   6 11 0.206451 
   9 11 0.186071 
   7 11 0.219080 
   8 11 0.201932 
   11 11 0.171421 
   10 11 0.193023 
   12 11 0.172532 
   22 11 0.158864 
   13 11 0.180155 
   14 11 0.141153 
   15 11 0.158266 
   21 11 0.143486 
   23 11 0.152016 
   20 11 0.116779 
   16 11 0.185177 
   19 11 0.135776 
   18 11 0.154505 
   26 11 0.177624 
   24 11 0.179877 
   27 11 0.143121 
   17 11 0.184734 
   25 11 0.192237 
   28 11 0.172482 
   29 11 0.137236 
   30 11 0.158296 
   31 11 0.148068 
25 2032231 11 sector_01_09 94.365937 19 94.365937 1 6 0 92.274030
13 2032320 11 sector_06_13 96.168574 14 96.168574 1 4 6 92.274030
8 2032384 11 sector_02_08 94.516801 3 94.516801 1 3 0 92.274030
16 2032390 11 sector_03_00 94.638119 21 94.638119 1 3 0 92.274030
6 2032403 11 sector_06_06 95.558104 2 95.558104 1 6 0 92.274030
10 2032423 11 sector_01_03 96.027870 20 96.027870 1 6 5 92.274030
7 2032443 11 sector_04_07 94.439461 4 94.439461 1 7 0 92.274030
9 2032440 11 sector_00_09 93.946295 29 999999999.000000 2 1 0 92.274030
16 2034028 sector_03_00 94.638119 21 92.274030
9 2034719 sector_00_09 93.946295 29 92.274030
8 2035116 sector_02_08 94.516801 3 92.274030
13 2035595 sector_06_13 96.168574 14 92.274030
7 2036123 sector_04_07 94.439461 4 93.982855
10 2036163 sector_01_03 96.027870 20 93.982855
6 2036326 sector_06_06 95.558104 2 93.982855
25 2036987 sector_01_09 94.365937 19 93.982855
   0 12 0.206877 
   2 12 0.140267 
   1 12 0.178569 
   5 12 0.162064 
   3 12 0.176535 
   6 12 0.149826 
   11 12 0.172694 
   4 12 0.151460 
   12 12 0.170343 
   7 12 0.133114 
   8 12 0.175486 
   20 12 0.171871 
   13 12 0.118509 
   14 12 0.137007 
   9 12 0.152241 
   10 12 0.155077 
   19 12 0.185146 
   15 12 0.188924 
   16 12 0.172809 
   26 12 0.134078 
   23 12 0.155926 
0 2098614 12 sector_04_10 102.869545 30 102.869545 1 5 0 100.741250
   21 12 0.202983 
   18 12 0.140153 
   22 12 0.144685 
   17 12 0.142877 
   24 12 0.200344 
   28 12 0.129677 
   29 12 0.139718 
   25 12 0.140542 
   27 12 0.153359 
   30 12 0.097305 
   31 12 0.139925 
24 2098288 12 sector_03_08 102.596520 28 102.596520 1 5 5 100.741250
21 2098291 12 sector_01_05 101.951449 13 101.951449 1 6 0 100.741250
19 2098331 12 sector_03_03 101.875519 14 101.875519 1 3 0 100.741250
15 2098386 12 sector_02_15 102.494656 7 102.494656 1 9 20 100.741250
8 2098422 12 sector_00_08 103.509785 31 103.509785 1 2 0 100.741250
1 2098571 12 sector_06_01 102.812642 26 102.812642 1 4 0 100.741250
0 2101200 sector_04_10 102.869545 30 100.741250
3 2098591 12 sector_00_03 103.051242 29 103.051242 1 6 0 100.741250
8 2100065 sector_00_08 103.509785 31 100.741250
19 2100441 sector_03_03 101.875519 14 100.741250
24 2100459 sector_03_08 102.596520 28 100.741250
1 2100823 sector_06_01 102.812642 26 100.741250
21 2101378 sector_01_05 101.951449 13 100.741250
3 2102079 sector_00_03 103.051242 29 100.741250
15 2103104 sector_02_15 102.494656 7 100.741250
   0 13 0.172579 
   2 13 0.179479 
   1 13 0.172966 
   3 13 0.147712 
   5 13 0.096340 
   6 13 0.149288 
   4 13 0.167157 
   11 13 0.162051 
   8 13 0.098147 
   7 13 0.156938 
   13 13 0.175814 
   12 13 0.166373 
   9 13 0.101194 
   14 13 0.210818 
0 2165387 13 sector_00_00 110.974059 3 999999999.000000 2 1 0 110.233234
   20 13 0.201373 
   23 13 0.166800 
   10 13 0.139959 
   18 13 0.175516 
   15 13 0.151012 
   16 13 0.132742 
   19 13 0.187282 
   22 13 0.169927 
0 2167433 sector_00_00 110.974059 3 110.233234
   21 13 0.162832 
   24 13 0.147806 
   25 13 0.120725 
   27 13 0.155868 
   17 13 0.207799 
   26 13 0.165411 
   28 13 0.168289 
   30 13 0.167679 
   29 13 0.188301 
   31 13 0.181125 
31 2164899 13 sector_03_10 111.419289 16 111.419289 1 6 3 110.233234
29 2165007 13 sector_01_13 113.328461 10 113.328461 1 1 0 110.233234
19 2165203 13 sector_05_03 110.736363 25 110.736363 1 3 0 110.233234
17 2165205 13 sector_05_01 110.818904 8 110.818904 1 4 0 110.233234
14 2165263 13 sector_02_14 110.869348 5 110.869348 1 4 7 110.233234
1 2165433 13 puck0081 113.348981 6 113.348981 1 1 0 110.233234
1 2166601 puck0081 113.348981 6 110.233234
29 2167007 sector_01_13 113.328461 10 110.233234
19 2167067 sector_05_03 110.736363 25 110.233234
17 2167228 sector_05_01 110.818904 8 110.233234
20 2165137 13 sector_01_04 111.630280 9 111.630280 1 6 14 110.233234
14 2168029 sector_02_14 110.869348 5 110.233234
31 2168275 sector_03_10 111.419289 16 110.233234
20 2173525 sector_01_04 111.630280 9 110.233234
   0 14 0.094496 
   1 14 0.108192 
   2 14 0.193724 
   5 14 0.185996 
   3 14 0.147982 
   4 14 0.148256 
   6 14 0.125347 
   11 14 0.196488 
   7 14 0.181718 
   12 14 0.177533 
   8 14 0.143212 
   13 14 0.202790 
   10 14 0.152788 
   9 14 0.162621 
   20 14 0.134349 
   15 14 0.121277 
   14 14 0.216109 
   18 14 0.129411 
   21 14 0.159413 
   16 14 0.162419 
   23 14 0.147604 
   26 14 0.188696 
   19 14 0.108178 
   22 14 0.186294 
   24 14 0.138113 
   17 14 0.165260 
   25 14 0.158392 
   28 14 0.239937 
   27 14 0.141385 
   29 14 0.192513 
   31 14 0.090720 
   30 14 0.186847 
28 2231901 14 sector_05_12 118.758338 0 118.758338 1 1 0 116.766785
29 2231969 14 sector_07_13 118.385439 15 118.385439 1 4 0 116.766785
11 2232174 14 sector_02_11 119.703363 6 119.703363 1 8 10 116.766785
7 2232200 14 sector_02_07 119.482319 20 119.482319 1 8 0 116.766785
13 2232223 14 sector_07_07 119.158630 1 999999999.000000 2 1 0 116.766785
5 2232249 14 sector_02_14 119.884374 18 119.884374 1 1 1 116.766785
14 2232286 14 sector_06_12 118.372613 31 118.372613 1 4 0 116.766785
2 2232354 14 sector_06_02 120.452117 19 120.452117 1 2 0 116.766785
5 2233563 sector_02_14 119.884374 18 116.766785
29 2233846 sector_07_13 118.385439 15 116.766785
2 2233973 sector_06_02 120.452117 19 116.766785
14 2234171 sector_06_12 118.372613 31 116.766785
13 2234181 sector_07_07 119.158630 1 116.766785
28 2235018 sector_05_12 118.758338 0 116.766785
7 2235249 sector_02_07 119.482319 20 116.766785
11 2235971 sector_02_11 119.703363 6 116.766785
   0 15 0.102513 
   1 15 0.094654 
   2 15 0.096101 
   3 15 0.099507 
   4 15 0.093709 
   5 15 0.096974 
   6 15 0.124740 
   7 15 0.103981 
   9 15 0.113534 
   11 15 0.108190 
   10 15 0.151187 
   15 15 0.202756 
   8 15 0.102936 
   13 15 0.114392 
   12 15 0.118711 
   22 15 0.108008 
   14 15 0.177876 
   24 15 0.105129 
   20 15 0.099756 
   21 15 0.102668 
   16 15 0.176791 
   27 15 0.128500 
   19 15 0.095770 
   18 15 0.139696 
   17 15 0.168485 
   26 15 0.148007 
   23 15 0.108322 
   30 15 0.247024 
   28 15 0.175065 
   25 15 0.116033 
   29 15 0.164843 
   31 15 0.192244 
31 2297773 15 sector_06_12 125.846067 3 125.846067 1 5 0 124.238711
30 2297936 15 sector_06_11 125.471375 1 125.471375 1 6 0 124.238711
29 2297934 15 sector_03_13 127.022461 0 127.022461 1 4 1 124.238711
28 2298009 15 sector_07_12 125.846067 19 125.846067 1 3 6 124.238711
16 2298101 15 sector_03_11 125.985816 5 125.985816 1 9 7 124.238711
15 2298112 15 sector_06_15 125.826105 2 125.826105 1 3 0 124.238711
17 2298136 15 sector_03_01 125.971401 20 125.971401 1 2 0 124.238711
14 2298163 15 sector_04_14 126.823183 4 126.823183 1 3 0 124.238711
15 2299725 sector_06_15 125.826105 2 124.238711
17 2299739 sector_03_01 125.971401 20 124.238711
14 2299983 sector_04_14 126.823183 4 124.238711
31 2300633 sector_06_12 125.846067 3 124.238711
28 2300706 sector_07_12 125.846067 19 124.238711
30 2300842 sector_06_11 125.471375 1 124.238711
16 2301795 sector_03_11 125.985816 5 124.238711
29 2303899 sector_03_13 127.022461 0 124.238711
   0 16 0.192283 
   1 16 0.172231 
   2 16 0.145675 
   4 16 0.153313 
   3 16 0.145324 
   5 16 0.135467 
   7 16 0.153966 
   10 16 0.143805 
   6 16 0.166081 
   9 16 0.111101 
   11 16 0.116693 
0 2366993 16 sector_05_12 132.559941 16 132.559941 1 13 0 132.506053
   12 16 0.166594 
   15 16 0.132605 
   13 16 0.201673 
   8 16 0.103783 
   16 16 0.105012 
   22 16 0.114564 
   14 16 0.134578 
   21 16 0.135865 
   24 16 0.114800 
   18 16 0.194358 
   19 16 0.116571 
   27 16 0.114920 
   20 16 0.148863 
   23 16 0.111881 
   17 16 0.128629 
   25 16 0.179537 
   26 16 0.150330 
   30 16 0.158471 
   28 16 0.157256 
   29 16 0.127270 
   31 16 0.137101 
25 2366710 16 sector_03_09 134.088423 19 134.088423 1 9 4 132.506053
18 2366814 16 sector_03_02 134.448195 9 134.448195 1 8 0 132.506053
13 2366880 16 sector_02_13 134.248098 8 134.248098 1 4 0 132.506053
12 2366892 16 sector_03_06 133.271734 23 133.271734 1 9 0 132.506053
1 2366977 16 sector_06_11 135.196737 11 135.196737 1 5 0 132.506053
6 2367005 16 sector_04_01 138.274658 22 138.274658 1 3 0 132.506053
4 2367073 16 sector_02_04 133.793878 24 133.793878 1 4 0 132.506053
6 2368994 sector_04_01 138.274658 22 132.506053
13 2369217 sector_02_13 134.248098 8 132.506053
1 2369919 sector_06_11 135.196737 11 132.506053
4 2369601 sector_02_04 133.793878 24 132.506053
25 2370121 sector_03_09 134.088423 19 132.506053
18 2370218 sector_03_02 134.448195 9 132.506053
12 2370345 sector_03_06 133.271734 23 132.506053
0 2372195 sector_05_12 132.559941 16 132.506053
   0 17 0.161381 
   1 17 0.137319 
   2 17 0.115820 
   3 17 0.192002 
   5 17 0.148506 
   4 17 0.169873 
   6 17 0.133733 
   7 17 0.115105 
   11 17 0.156510 
   8 17 0.162694 
   9 17 0.186048 
   10 17 0.148192 
   13 17 0.139447 
   12 17 0.132203 
   15 17 0.144622 
   20 17 0.196136 
   14 17 0.117156 
   16 17 0.169360 
   22 17 0.148961 
   19 17 0.184760 
0 2433326 17 sector_02_00 143.527205 31 143.527205 1 6 6 140.002120
   23 17 0.153699 
   21 17 0.118322 
   26 17 0.195148 
   18 17 0.156224 
   24 17 0.126434 
   27 17 0.119690 
   17 17 0.124374 
   25 17 0.141889 
   28 17 0.163918 
   29 17 0.099819 
   30 17 0.176058 
   31 17 0.116403 
26 2433000 17 sector_06_01 143.191053 7 143.191053 1 3 6 140.002120
9 2433109 17 sector_04_09 141.819791 14 141.819791 1 8 0 140.002120
20 2433089 17 sector_07_04 141.429288 2 141.429288 1 7 0 140.002120
19 2433113 17 sector_06_02 143.191053 21 143.191053 1 7 8 140.002120
3 2433186 17 sector_02_03 141.191526 29 141.191526 1 17 0 140.002120
4 2433270 17 sector_04_04 144.507220 17 144.507220 1 1 0 140.002120
30 2432882 17 sector_01_14 142.440017 27 999999999.000000 2 1 0 140.002120
4 2434426 sector_04_04 144.507220 17 140.002120
30 2434617 sector_01_14 142.440017 27 140.002120
26 2435683 sector_06_01 143.191053 7 140.002120
19 2436525 sector_06_02 143.191053 21 140.002120
0 2437385 sector_02_00 143.527205 31 140.002120
20 2437030 sector_07_04 141.429288 2 140.002120
9 2438487 sector_04_09 141.819791 14 140.002120
3 2439390 sector_02_03 141.191526 29 141.348598
   0 18 0.117703 
   1 18 0.132235 
   2 18 0.199964 
   4 18 0.109360 
   3 18 0.168666 
   5 18 0.115406 
   6 18 0.092927 
   9 18 0.200009 
   7 18 0.132315 
   13 18 0.130608 
   8 18 0.148111 
   22 18 0.159342 
   10 18 0.172033 
   11 18 0.176862 
   14 18 0.204013 
   15 18 0.162134 
   16 18 0.163124 
   18 18 0.153748 
   27 18 0.169260 
   21 18 0.112318 
   12 18 0.107170 
   20 18 0.172065 
   23 18 0.173101 
   24 18 0.137750 
   25 18 0.114164 
   26 18 0.126786 
   17 18 0.141167 
   19 18 0.131392 
   28 18 0.135830 
   30 18 0.140281 
   31 18 0.177192 
   29 18 0.157916 
31 2499317 18 sector_02_00 151.596150 26 151.596150 1 4 0 149.362553
23 2499518 18 sector_01_07 150.714307 25 150.714307 1 1 0 149.362553
20 2499536 18 sector_02_07 152.859774 21 152.859774 1 1 0 149.362553
11 2499580 18 sector_03_15 151.033804 5 999999999.000000 2 1 0 149.362553
9 2499594 18 sector_01_04 151.174702 6 151.174702 1 4 0 149.362553
14 2499666 18 sector_03_03 150.315083 4 150.315083 1 7 0 149.362553
10 2499668 18 sector_06_10 150.134072 0 150.134072 1 7 0 149.362553
2 2499722 18 sector_02_02 151.117137 12 151.117137 1 6 0 149.362553
23 2500723 sector_01_07 150.714307 25 149.362553
20 2500894 sector_02_07 152.859774 21 149.362553
11 2501459 sector_03_15 151.033804 5 149.362553
9 2501559 sector_01_04 151.174702 6 149.362553
31 2501837 sector_02_00 151.596150 26 149.362553
14 2502527 sector_03_03 150.315083 4 149.362553
2 2502852 sector_02_02 151.117137 12 149.362553
10 2510329 sector_06_10 150.134072 0 149.362553
   0 19 0.186161 
   2 19 0.111482 
   1 19 0.130153 
   5 19 0.182905 
   3 19 0.149359 
   6 19 0.126994 
   4 19 0.128726 
   11 19 0.106887 
   12 19 0.142109 
   7 19 0.131233 
   13 19 0.156118 
   9 19 0.115314 
   20 19 0.126371 
   14 19 0.134673 
   8 19 0.170273 
0 2566895 19 sector_03_05 158.113998 10 158.113998 1 5 0 157.523008
   19 19 0.149921 
   10 19 0.109249 
   18 19 0.155521 
   22 19 0.163052 
   15 19 0.135569 
   16 19 0.165870 
   26 19 0.150669 
   25 19 0.174426 
   23 19 0.142007 
   21 19 0.187316 
   17 19 0.128569 
   27 19 0.200979 
   24 19 0.137788 
   29 19 0.153775 
   28 19 0.170940 
   30 19 0.095472 
   31 19 0.117661 
28 2565908 19 sector_07_14 159.089577 4 159.089577 1 3 0 155.447200
0 2569427 sector_03_05 158.113998 10 157.523008
27 2565918 19 sector_01_11 158.404629 30 158.404629 1 8 0 155.447200
25 2565970 19 sector_01_07 158.115934 31 158.115934 1 15 12 155.447200
16 2565997 19 sector_05_12 158.558811 6 158.558811 1 5 0 155.447200
8 2566032 19 sector_04_08 158.234445 9 158.234445 1 2 0 155.447200
21 2566074 19 sector_00_10 160.147538 2 160.147538 1 2 0 155.447200
5 2566548 19 sector_03_11 158.413121 11 158.413121 1 15 0 157.523008
8 2568306 sector_04_08 158.234445 9 157.523008
21 2568656 sector_00_10 160.147538 2 157.523008
28 2568555 sector_07_14 159.089577 4 157.523008
16 2568976 sector_05_12 158.558811 6 157.523008
27 2571235 sector_01_11 158.404629 30 157.523008
25 2571400 sector_01_07 158.115934 31 157.523008
5 2573683 sector_03_11 158.413121 11 157.523008
   0 20 0.137426 
   2 20 0.139932 
   1 20 0.106236 
   5 20 0.148090 
   3 20 0.161293 
   4 20 0.197847 
   6 20 0.184937 
   7 20 0.139382 
   12 20 0.195063 
   9 20 0.142751 
   13 20 0.129767 
   8 20 0.147764 
   11 20 0.225260 
   14 20 0.132896 
   19 20 0.202074 
   10 20 0.123428 
   16 20 0.187800 
   15 20 0.158531 
   23 20 0.115784 
   17 20 0.168073 
   22 20 0.135238 
   20 20 0.124790 
   26 20 0.139352 
   18 20 0.169561 
   24 20 0.148535 
   27 20 0.153152 
   21 20 0.180641 
   25 20 0.151517 
   28 20 0.195740 
   29 20 0.154543 
   30 20 0.187155 
   31 20 0.184145 
28 2633081 20 sector_01_12 167.932517 20 167.932517 1 8 0 164.631855
11 2633109 20 sector_04_11 167.129974 1 167.129974 1 3 3 164.631855
19 2633133 20 sector_01_09 167.654238 23 167.654238 1 4 0 164.631855
21 2633181 20 sector_05_05 169.762288 7 169.762288 1 3 0 164.631855
16 2633226 20 sector_07_00 167.135837 2 167.135837 1 4 0 164.631855
12 2633219 20 sector_02_02 166.827369 13 166.827369 1 12 0 164.631855
4 2633257 20 sector_07_14 167.710367 10 167.710367 1 3 0 164.631855
6 2633283 20 sector_01_04 166.561644 0 166.561644 1 4 0 164.631855
4 2635111 sector_07_14 167.710367 10 164.631855
21 2635200 sector_05_05 169.762288 7 164.631855
16 2635311 sector_07_00 167.135837 2 164.631855
28 2635814 sector_01_12 167.932517 20 164.631855
11 2635862 sector_04_11 167.129974 1 164.631855
19 2636320 sector_01_09 167.654238 23 164.631855
12 2637311 sector_02_02 166.827369 13 164.631855
6 2637879 sector_01_04 166.561644 0 164.631855
   0 21 0.143250 
   1 21 0.176274 
   2 21 0.222026 
   3 21 0.139248 
   4 21 0.164651 
   5 21 0.161175 
   8 21 0.148282 
   6 21 0.203065 
   7 21 0.189549 
   11 21 0.119764 
   10 21 0.179866 
   9 21 0.116591 
   13 21 0.173297 
   15 21 0.175732 
   22 21 0.179744 
   12 21 0.162451 
   16 21 0.096081 
   20 21 0.149739 
   14 21 0.106333 
   21 21 0.162846 
   23 21 0.152340 
   18 21 0.149375 
   27 21 0.123061 
   19 21 0.088977 
   26 21 0.145627 
   24 21 0.151123 
   25 21 0.108780 
   28 21 0.083496 
   17 21 0.178220 
   30 21 0.210378 
   29 21 0.182842 
   31 21 0.221354 
31 2698784 21 sector_00_08 175.131121 28 175.131121 1 7 4 174.038508
29 2698860 21 sector_00_09 174.812823 9 174.812823 1 9 1 174.038508
30 2698878 21 sector_01_11 176.767113 16 176.767113 1 1 0 174.038508
7 2699160 21 sector_06_01 174.955994 25 174.955994 1 6 0 174.038508
6 2699165 21 sector_00_06 175.162489 14 175.162489 1 6 7 174.038508
10 2699203 21 sector_03_05 176.393832 27 176.393832 1 7 0 174.038508
2 2699218 21 sector_04_02 174.640138 19 174.640138 1 2 3 174.038508
1 2699380 21 sector_02_01 179.563624 11 179.563624 1 1 0 174.038508
30 2699958 sector_01_11 176.767113 16 174.038508
1 2700713 sector_02_01 179.563624 11 174.038508
2 2701022 sector_04_02 174.640138 19 174.038508
7 2701515 sector_06_01 174.955994 25 174.038508
29 2701731 sector_00_09 174.812823 9 174.038508
10 2701886 sector_03_05 176.393832 27 174.038508
31 2702267 sector_00_08 175.131121 28 174.038508
6 2702433 sector_00_06 175.162489 14 174.038508
   0 22 0.205078 
   1 22 0.194195 
   2 22 0.193879 
   5 22 0.173261 
   4 22 0.123133 
   6 22 0.165056 
   3 22 0.124613 
   12 22 0.167625 
   11 22 0.145180 
   9 22 0.187527 
   10 22 0.159676 
   19 22 0.115687 
   13 22 0.171364 
   8 22 0.171049 
   22 22 0.207039 
   20 22 0.173846 
   7 22 0.201971 
   14 22 0.154887 
   21 22 0.150007 
   18 22 0.173972 
   23 22 0.183954 
0 2765762 22 sector_03_13 183.251089 19 183.251089 1 6 0 180.627992
   26 22 0.156750 
   27 22 0.158425 
   15 22 0.144310 
   28 22 0.110055 
   17 22 0.151444 
   25 22 0.169936 
   29 22 0.135805 
   16 22 0.126608 
   24 22 0.153788 
   30 22 0.122084 
   31 22 0.151091 
23 2765527 22 sector_03_06 186.287152 29 186.287152 1 8 17 180.627992
22 2765545 22 sector_07_06 183.781177 3 183.781177 1 3 0 180.627992
9 2765607 22 sector_00_09 185.259231 30 185.259231 1 2 0 180.627992
7 2765729 22 sector_05_05 183.110972 28 183.110972 1 8 0 180.627992
5 2765766 22 puck0053 182.937772 11 182.937772 1 6 0 180.627992
2 2765774 22 sector_07_00 184.697934 16 184.697934 1 4 0 180.627992
1 2765834 22 sector_05_09 190.445702 4 999999999.000000 2 1 0 180.627992
0 2769625 sector_03_13 183.251089 19 182.593496
9 2767066 sector_00_09 185.259231 30 180.627992
22 2767325 sector_07_06 183.781177 3 180.627992
2 2767831 sector_07_00 184.697934 16 180.627992
1 2768753 sector_05_09 190.445702 4 182.593496
5 2768895 puck0053 182.937772 11 182.593496
7 2769424 sector_05_05 183.110972 28 182.593496
23 2771967 sector_03_06 186.287152 29 182.593496
   0 23 0.124576 
   1 23 0.117046 
   2 23 0.148302 
   3 23 0.196713 
   4 23 0.129670 
   5 23 0.173955 
   6 23 0.140374 
   9 23 0.164914 
   10 23 0.174024 
   8 23 0.148124 
   13 23 0.162198 
   7 23 0.159261 
   11 23 0.170207 
   14 23 0.124436 
   12 23 0.107814 
   23 23 0.144163 
   21 23 0.167791 
   15 23 0.154178 
   18 23 0.151516 
   20 23 0.177879 
   19 23 0.213896 
   22 23 0.147201 
   16 23 0.130074 
   28 23 0.171691 
   17 23 0.173546 
   25 23 0.227884 
   27 23 0.182854 
   26 23 0.161485 
   24 23 0.173952 
   29 23 0.162455 
   30 23 0.137932 
   31 23 0.179220 
27 2831640 23 sector_01_14 192.636706 4 192.636706 1 2 0 190.301099
25 2831694 23 sector_05_03 192.165654 12 192.165654 1 6 14 190.301099
3 2831773 23 sector_02_08 193.842808 0 193.842808 1 1 3 190.301099
17 2831790 23 sector_00_02 191.687294 2 191.687294 1 2 0 190.301099
10 2831797 23 sector_07_14 193.300457 16 193.300457 1 1 0 190.301099
19 2831798 23 sector_04_02 191.893762 1 191.893762 1 4 0 190.301099
11 2831879 23 puck0027 194.612352 30 194.612352 1 2 0 190.301099
5 2831938 23 sector_03_15 193.242058 14 193.242058 1 1 0 190.301099
10 2832913 sector_07_14 193.300457 16 190.301099
5 2833876 sector_03_15 193.242058 14 190.301099
19 2834189 sector_04_02 191.893762 1 190.301099
17 2833237 sector_00_02 191.687294 2 190.301099
27 2833415 sector_01_14 192.636706 4 190.301099
25 2836101 sector_05_03 192.165654 12 190.301099
11 2833244 puck0027 194.612352 30 190.301099
3 2846226 sector_02_08 193.842808 0 191.164636
   0 24 0.128321 
   1 24 0.109241 
   2 24 0.134534 
   4 24 0.223815 
   3 24 0.109179 
   5 24 0.123676 
   6 24 0.153561 
   11 24 0.181701 
   7 24 0.158918 
   10 24 0.125159 
   13 24 0.165254 
   12 24 0.141641 
   9 24 0.145888 
   15 24 0.136988 
   20 24 0.181075 
   14 24 0.168534 
   8 24 0.098504 
   19 24 0.136495 
   18 24 0.162112 
   22 24 0.158843 
   16 24 0.165735 
   21 24 0.108745 
   24 24 0.133738 
   17 24 0.138801 
   26 24 0.142425 
   23 24 0.106434 
   25 24 0.116911 
   27 24 0.096278 
   29 24 0.151496 
   28 24 0.132722 
   30 24 0.127335 
   31 24 0.123165 
20 2898518 24 sector_03_01 198.684173 1 198.684173 1 6 7 196.265937
11 2898559 24 sector_03_04 199.645953 27 199.645953 1 2 0 196.265937
16 2898589 24 sector_02_09 199.488759 23 199.488759 1 2 0 196.265937
18 2898618 24 sector_01_02 199.820992 25 199.820992 1 1 5 196.265937
13 2898668 24 sector_00_13 199.094175 3 199.094175 1 6 0 196.265937
14 2898794 24 sector_06_13 198.809611 21 198.809611 1 6 0 196.265937
4 2899180 24 sector_01_14 199.614368 8 199.614368 1 2 0 198.502397
6 2899183 24 puck0086 199.655396 0 999999999.000000 2 1 0 198.502397
18 2900633 sector_01_02 199.820992 25 198.502397
11 2900647 sector_03_04 199.645953 27 198.502397
4 2900732 sector_01_14 199.614368 8 198.502397
13 2901383 sector_00_13 199.094175 3 198.502397
20 2902137 sector_03_01 198.684173 1 198.502397
14 2902217 sector_06_13 198.809611 21 198.502397
16 2904047 sector_02_09 199.488759 23 198.502397
6 2908014 puck0086 199.655396 0 198.502397
   0 25 0.188014 
   2 25 0.144125 
   1 25 0.157395 
   5 25 0.141863 
   6 25 0.138438 
   3 25 0.131146 
   11 25 0.126574 
   12 25 0.154240 
   4 25 0.211318 
   7 25 0.101872 
   13 25 0.168368 
   8 25 0.142965 
   9 25 0.185378 
   14 25 0.187887 
   20 25 0.145367 
   15 25 0.177145 
   10 25 0.100978 
   16 25 0.146408 
   19 25 0.165551 
   22 25 0.148997 
   23 25 0.198198 
0 2965320 25 sector_06_10 207.089956 11 207.089956 1 6 0 205.448742
   18 25 0.102746 
   17 25 0.138780 
   21 25 0.158260 
   27 25 0.170082 
   26 25 0.177541 
   28 25 0.188428 
   24 25 0.143355 
   25 25 0.160979 
   29 25 0.200851 
   30 25 0.171007 
   31 25 0.126058 
28 2964929 25 sector_00_08 207.274974 6 207.274974 1 6 5 205.448742
29 2964955 25 sector_03_06 207.013817 10 207.013817 1 4 0 205.448742
23 2964968 25 sector_01_09 207.619535 18 207.619535 1 3 5 205.448742
9 2965101 25 sector_03_02 207.541847 31 207.541847 1 9 0 205.448742
15 2965106 25 sector_07_13 207.059545 17 207.059545 1 10 5 205.448742
4 2965137 25 sector_05_09 207.230164 7 207.230164 1 2 0 205.448742
14 2965284 25 sector_00_14 208.971659 3 208.971659 1 2 0 205.448742
4 2966449 sector_05_09 207.230164 7 205.448742
14 2966791 sector_00_14 208.971659 3 205.448742
23 2966876 sector_01_09 207.619535 18 205.448742
29 2967493 sector_03_06 207.013817 10 205.448742
28 2967716 sector_00_08 207.274974 6 205.448742
9 2968413 sector_03_02 207.541847 31 205.448742
0 2969865 sector_06_10 207.089956 11 205.448742
15 2970071 sector_07_13 207.059545 17 205.448742
   0 26 0.112680 
   1 26 0.191238 
   2 26 0.138242 
   3 26 0.139181 
   4 26 0.176700 
   5 26 0.124145 
   7 26 0.123300 
   8 26 0.145392 
   6 26 0.139635 
   12 26 0.146637 
   9 26 0.132143 
   11 26 0.139781 
   10 26 0.151936 
   15 26 0.126443 
   23 26 0.127876 
   16 26 0.142140 
   22 26 0.129603 
   14 26 0.122654 
   19 26 0.180258 
   20 26 0.103278 
   24 26 0.155370 
   13 26 0.134904 
   21 26 0.176139 
   28 26 0.134100 
   17 26 0.142091 
   26 26 0.149300 
   27 26 0.226738 
   18 26 0.127157 
   25 26 0.138934 
   30 26 0.134822 
   29 26 0.124725 
   31 26 0.196076 
31 3031051 26 sector_05_15 214.754060 5 214.754060 1 4 0 213.308927
27 3031205 26 sector_02_06 216.311718 20 216.311718 1 3 0 213.308927
21 3031279 26 sector_03_00 215.012560 15 215.012560 1 4 3 213.308927
24 3031315 26 sector_07_08 215.988521 22 215.988521 1 1 0 213.308927
19 3031313 26 sector_03_09 215.959405 7 215.959405 1 3 0 213.308927
4 3031356 26 sector_04_14 215.500914 14 215.500914 1 5 0 213.308927
10 3031363 26 sector_06_08 215.812466 18 215.812466 1 1 0 213.308927
1 3031388 26 sector_00_07 215.364138 0 215.364138 1 10 0 213.308927
10 3033002 sector_06_08 215.812466 18 213.308927
27 3033005 sector_02_06 216.311718 20 213.308927
24 3033026 sector_07_08 215.988521 22 213.308927
31 3033337 sector_05_15 214.754060 5 213.308927
19 3033409 sector_03_09 215.959405 7 213.308927
21 3033517 sector_03_00 215.012560 15 213.308927
4 3033742 sector_04_14 215.500914 14 213.308927
1 3039497 sector_00_07 215.364138 0 213.308927
   0 27 0.178507 
   1 27 0.184917 
   2 27 0.206982 
   4 27 0.122335 
   5 27 0.161366 
   3 27 0.202866 
   6 27 0.166350 
   12 27 0.149151 
   9 27 0.118539 
   7 27 0.186390 
   13 27 0.131636 
   11 27 0.192613 
   8 27 0.172113 
   10 27 0.161898 
   14 27 0.100732 
   18 27 0.153606 
   15 27 0.128354 
   20 27 0.189461 
   22 27 0.214443 
   16 27 0.168497 
   19 27 0.099859 
   23 27 0.133562 
   21 27 0.205909 
   17 27 0.154931 
   25 27 0.150199 
   24 27 0.175017 
   27 27 0.181727 
   26 27 0.175210 
   28 27 0.117620 
   29 27 0.160259 
   30 27 0.137415 
   31 27 0.219990 
21 3097285 27 sector_02_07 225.298407 4 999999999.000000 2 1 0 220.827758
3 3097347 27 sector_06_12 223.978034 28 223.978034 1 1 0 220.827758
7 3097361 27 sector_02_15 223.258810 23 223.258810 1 7 0 220.827758
11 3097403 27 sector_06_11 223.800375 15 223.800375 1 4 0 220.827758
2 3097449 27 sector_07_04 224.186770 9 224.186770 1 2 0 220.827758
1 3097485 27 sector_04_11 223.115787 13 223.115787 1 16 1 220.827758
31 3096790 27 sector_03_02 223.723252 14 223.723252 1 7 0 220.827758
22 3097087 27 sector_04_05 223.541372 19 223.541372 1 11 0 220.827758
3 3098565 sector_06_12 223.978034 28 220.827758
2 3099636 sector_07_04 224.186770 9 223.067813
21 3099743 sector_02_07 225.298407 4 223.067813
11 3100077 sector_06_11 223.800375 15 223.067813
31 3099029 sector_03_02 223.723252 14 220.827758
7 3100980 sector_02_15 223.258810 23 223.067813
22 3102123 sector_04_05 223.541372 19 223.067813
1 3103046 sector_04_11 223.115787 13 223.067813
   0 28 0.151626 
   1 28 0.192497 
   2 28 0.181108 
   3 28 0.165854 
   4 28 0.141410 
   5 28 0.126191 
   6 28 0.148820 
   7 28 0.199537 
   8 28 0.169624 
   11 28 0.139283 
   9 28 0.128941 
   13 28 0.186943 
   12 28 0.157269 
   10 28 0.146804 
   16 28 0.162018 
   14 28 0.203637 
   20 28 0.159145 
   23 28 0.205571 
   19 28 0.164148 
   15 28 0.150033 
   18 28 0.221552 
   22 28 0.178624 
   21 28 0.096985 
   24 28 0.151725 
   26 28 0.136401 
   17 28 0.160218 
   28 28 0.154161 
   25 28 0.199541 
   27 28 0.152883 
   29 28 0.116938 
   30 28 0.169837 
   31 28 0.158901 
23 3163030 28 sector_02_15 232.693432 5 999999999.000000 2 1 0 230.526833
18 3163060 28 sector_06_08 233.573921 21 233.573921 1 2 0 230.526833
25 3163070 28 sector_06_01 233.399251 26 233.399251 1 2 0 230.526833
7 3163140 28 sector_03_09 231.997953 11 231.997953 1 6 0 230.526833
14 3163158 28 sector_04_14 232.262650 29 232.262650 1 3 6 230.526833
13 3163176 28 sector_01_05 232.239069 6 232.239069 1 9 0 230.526833
1 3163340 28 sector_07_07 233.149690 9 999999999.000000 2 1 0 230.526833
2 3163448 28 sector_00_10 232.848296 4 232.848296 1 4 0 230.526833
25 3164355 sector_06_01 233.399251 26 230.526833
18 3164666 sector_06_08 233.573921 21 230.526833
23 3165056 sector_02_15 232.693432 5 230.526833
1 3165321 sector_07_07 233.149690 9 230.526833
14 3165530 sector_04_14 232.262650 29 230.526833
2 3165644 sector_00_10 232.848296 4 230.526833
13 3166500 sector_01_05 232.239069 6 230.526833
7 3166994 sector_03_09 231.997953 11 230.526833
   0 29 0.136439 
   1 29 0.116998 
   2 29 0.158093 
   3 29 0.167655 
   4 29 0.149414 
   5 29 0.178728 
   7 29 0.188121 
   6 29 0.219205 
   8 29 0.183944 
   11 29 0.220545 
   10 29 0.164156 
   12 29 0.183045 
   9 29 0.182950 
   15 29 0.209617 
   13 29 0.154888 
   16 29 0.164454 
   14 29 0.159501 
   22 29 0.185271 
   21 29 0.171624 
   23 29 0.159929 
   19 29 0.206093 
   20 29 0.146853 
   17 29 0.158232 
   24 29 0.152405 
   27 29 0.154012 
   18 29 0.131559 
   28 29 0.213644 
   26 29 0.226375 
   25 29 0.112711 
   30 29 0.151213 
   31 29 0.112371 
   29 29 0.158420 
28 3229101 29 sector_03_12 241.631654 0 241.631654 1 3 0 240.484186
26 3229204 29 sector_07_10 241.261009 25 241.261009 1 4 0 240.484186
8 3229239 29 puck0120 242.646283 2 999999999.000000 2 1 0 240.484186
19 3229338 29 sector_07_12 246.252809 4 246.252809 1 1 0 240.484186
15 3229365 29 sector_00_11 241.420285 18 241.420285 1 4 0 240.484186
7 3229359 29 sector_04_03 241.238421 20 241.238421 1 6 4 240.484186
11 3229333 29 sector_02_01 241.753472 1 241.753472 1 6 0 240.484186
6 3229526 29 sector_04_06 242.882903 31 242.882903 1 1 0 240.484186
19 3230471 sector_07_12 246.252809 4 240.484186
6 3230911 sector_04_06 242.882903 31 240.484186
8 3231034 puck0120 242.646283 2 240.484186
26 3231276 sector_07_10 241.261009 25 240.484186
7 3231904 sector_04_03 241.238421 20 240.484186
11 3232423 sector_02_01 241.753472 1 240.484186
15 3233070 sector_00_11 241.420285 18 240.484186
28 3238386 sector_03_12 241.631654 0 240.484186
   0 30 0.181876 
   1 30 0.176276 
   3 30 0.145484 
   2 30 0.120062 
   4 30 0.174671 
   7 30 0.146952 
   9 30 0.189037 
   8 30 0.170524 
   6 30 0.167208 
   10 30 0.131153 
   5 30 0.179645 
   15 30 0.147943 
   22 30 0.210659 
   13 30 0.144313 
   16 30 0.170491 
   21 30 0.180420 
   11 30 0.170025 
   24 30 0.181294 
   12 30 0.151985 
   23 30 0.149408 
0 3295650 30 sector_06_00 250.734145 28 250.734145 1 3 4 247.369577
   27 30 0.175255 
   20 30 0.220211 
   14 30 0.149174 
   28 30 0.130621 
   18 30 0.168367 
   26 30 0.226803 
   17 30 0.141956 
   30 30 0.183425 
   19 30 0.152536 
   25 30 0.143840 
   31 30 0.128129 
   29 30 0.143194 
30 3295274 30 sector_05_14 250.439571 14 250.439571 1 5 4 247.369577
26 3295313 30 sector_01_10 250.561357 31 250.561357 1 1 0 247.369577
22 3295390 30 sector_07_08 250.651379 10 250.651379 1 2 0 247.369577
0 3297790 sector_06_00 250.734145 28 247.369577
20 3295385 30 sector_04_03 250.330413 2 250.330413 1 5 0 247.369577
24 3295455 30 puck0072 250.848649 13 250.848649 1 4 0 247.369577
9 3295462 30 sector_07_01 249.781388 3 249.781388 1 1 0 247.369577
21 3295465 30 sector_06_13 249.652325 7 249.652325 1 4 6 247.369577
26 3296431 sector_01_10 250.561357 31 247.369577
9 3296789 sector_07_01 249.781388 3 247.369577
22 3297033 sector_07_08 250.651379 10 247.369577
24 3297431 puck0072 250.848649 13 247.369577
20 3297972 sector_04_03 250.330413 2 247.369577
21 3298387 sector_06_13 249.652325 7 247.369577
30 3298600 sector_05_14 250.439571 14 247.369577
   0 31 0.171306 
   1 31 0.186714 
   2 31 0.147989 
   4 31 0.202163 
   3 31 0.205414 
   5 31 0.177779 
   9 31 0.168664 
   10 31 0.170035 
   6 31 0.131064 
   7 31 0.111385 
   22 31 0.170034 
   15 31 0.162687 
   8 31 0.182722 
   11 31 0.120408 
   13 31 0.121010 
   21 31 0.131812 
   16 31 0.145528 
   14 31 0.189773 
   12 31 0.166974 
   24 31 0.148904 
0 3362313 31 sector_00_07 259.626155 26 999999999.000000 2 1 0 256.553254
   27 31 0.164924 
   20 31 0.164571 
   23 31 0.137294 
   18 31 0.217049 
   17 31 0.145209 
   30 31 0.083978 
   25 31 0.152671 
   19 31 0.147283 
0 3364438 sector_00_07 259.626155 26 256.553254
   26 31 0.136242 
   28 31 0.130544 
   29 31 0.147539 
   31 31 0.200182 
31 3361898 31 sector_01_15 258.054005 13 258.054005 1 2 6 256.553254
8 3362103 31 sector_01_06 258.557891 21 258.557891 1 2 0 256.553254
18 3362138 31 sector_01_09 257.845238 30 257.845238 1 6 0 256.553254
3 3362143 31 sector_00_14 258.091036 7 258.091036 1 4 0 256.553254
4 3362256 31 sector_04_07 258.294601 11 999999999.000000 2 1 0 256.553254
1 3362288 31 sector_02_01 257.332581 6 999999999.000000 2 1 0 256.553254
14 3362300 31 sector_05_14 258.496217 23 258.496217 1 5 0 256.553254
8 3363988 sector_01_06 258.557891 21 256.553254
3 3364051 sector_00_14 258.091036 7 256.553254
1 3364164 sector_02_01 257.332581 6 256.553254
4 3364178 sector_04_07 258.294601 11 256.553254
31 3364274 sector_01_15 258.054005 13 256.553254
18 3364849 sector_01_09 257.845238 30 256.553254
14 3364926 sector_05_14 258.496217 23 256.553254
   0 32 0.145113 
   1 32 0.086486 
   4 32 0.155991 
   2 32 0.126577 
   3 32 0.164036 
   5 32 0.152400 
   10 32 0.195456 
   7 32 0.150664 
   8 32 0.148371 
   9 32 0.160930 
   6 32 0.235268 
   15 32 0.154778 
   11 32 0.182824 
   21 32 0.133269 
   23 32 0.163304 
   12 32 0.179396 
   13 32 0.197794 
   27 32 0.117117 
   14 32 0.168513 
   16 32 0.199144 
   24 32 0.104622 
   20 32 0.154590 
   28 32 0.132047 
   22 32 0.144092 
   19 32 0.124961 
   17 32 0.166732 
   25 32 0.144252 
   18 32 0.200347 
   30 32 0.183922 
   29 32 0.152395 
   26 32 0.184165 
   31 32 0.226835 
31 3428720 32 sector_04_06 267.060257 24 267.060257 1 6 0 265.427159
26 3428939 32 sector_07_03 267.085645 0 267.085645 1 4 0 265.427159
16 3429023 32 sector_07_14 268.517783 21 268.517783 1 1 0 265.427159
18 3429046 32 sector_00_11 267.914196 27 999999999.000000 2 1 0 265.427159
10 3429080 32 sector_03_06 267.550343 2 267.550343 1 3 3 265.427159
11 3429112 32 sector_06_10 266.430477 28 266.430477 1 2 0 265.427159
13 3429184 32 sector_02_02 265.970325 19 265.970325 1 6 0 265.427159
6 3429202 32 sector_02_11 266.154561 1 266.154561 1 3 0 265.427159
16 3430393 sector_07_14 268.517783 21 265.427159
31 3430667 sector_04_06 267.060257 24 265.427159
6 3430980 sector_02_11 266.154561 1 265.427159
18 3430995 sector_00_11 267.914196 27 265.427159
10 3431088 sector_03_06 267.550343 2 265.427159
13 3431830 sector_02_02 265.970325 19 265.427159
11 3431804 sector_06_10 266.430477 28 265.427159
26 3434549 sector_07_03 267.085645 0 265.427159
   0 33 0.164598 
   1 33 0.095348 
   2 33 0.160156 
   5 33 0.172034 
   3 33 0.129477 
   4 33 0.109628 
   6 33 0.185425 
   7 33 0.169785 
   11 33 0.167139 
   9 33 0.144568 
   8 33 0.182042 
   12 33 0.194644 
   14 33 0.184472 
   13 33 0.199379 
   10 33 0.124425 
   23 33 0.186721 
   16 33 0.126278 
   20 33 0.149650 
   17 33 0.180125 
   15 33 0.183349 
   22 33 0.093840 
   18 33 0.157494 
   19 33 0.161723 
   26 33 0.134465 
   24 33 0.144259 
   28 33 0.201977 
   25 33 0.173071 
   21 33 0.155355 
   27 33 0.099541 
   29 33 0.180339 
   31 33 0.167470 
   30 33 0.177747 
28 3495678 33 sector_06_12 276.406780 1 276.406780 1 2 0 272.571938
8 3495805 33 sector_05_01 274.568529 3 274.568529 1 7 12 272.571938
17 3495932 33 sector_04_04 274.675983 26 274.675983 1 4 0 272.571938
15 3495941 33 sector_00_15 274.747313 16 999999999.000000 2 1 0 272.571938
12 3495956 33 sector_02_12 275.209144 22 275.209144 1 1 5 272.571938
14 3495973 33 sector_00_06 277.502388 10 999999999.000000 2 1 4 272.571938
13 3495977 33 sector_04_11 275.036028 27 275.036028 1 5 0 272.571938
6 3496106 33 sector_00_08 274.373054 4 274.373054 1 5 7 272.571938
28 3497114 sector_06_12 276.406780 1 272.571938
12 3497439 sector_02_12 275.209144 22 272.571938
15 3498038 sector_00_15 274.747313 16 272.571938
14 3498291 sector_00_06 277.502388 10 272.571938
13 3498488 sector_04_11 275.036028 27 272.571938
17 3499167 sector_04_04 274.675983 26 272.571938
6 3499952 sector_00_08 274.373054 4 272.571938
8 3500084 sector_05_01 274.568529 3 272.571938
   0 34 0.174079 
   1 34 0.160918 
   2 34 0.203270 
   5 34 0.158472 
   3 34 0.192115 
   4 34 0.172943 
   6 34 0.118124 
   7 34 0.185608 
   8 34 0.076561 
   11 34 0.136433 
   12 34 0.137857 
   9 34 0.185723 
   14 34 0.117225 
   13 34 0.088077 
   10 34 0.121407 
   20 34 0.150425 
   19 34 0.163097 
   17 34 0.161734 
   15 34 0.174012 
   22 34 0.156138 
   16 34 0.146447 
   21 34 0.232433 
   23 34 0.204068 
   26 34 0.220838 
   25 34 0.159474 
   18 34 0.134954 
   24 34 0.185525 
   27 34 0.212223 
   29 34 0.139596 
   28 34 0.220880 
   31 34 0.139965 
   30 34 0.177030 
28 3561723 34 sector_06_00 282.520029 6 282.520029 1 11 20 281.503389
26 3561742 34 sector_05_10 282.753470 13 282.753470 1 7 0 281.503389
27 3561785 34 sector_03_04 283.189755 14 283.189755 1 4 0 281.503389
23 3561798 34 sector_05_14 282.956737 11 282.956737 1 10 0 281.503389
7 3561898 34 sector_06_13 283.214594 18 283.214594 1 3 0 281.503389
3 3561948 34 sector_07_06 283.116837 12 283.116837 1 8 0 281.503389
2 3562022 34 sector_06_06 282.630314 10 282.630314 1 6 6 281.503389
21 3562052 34 sector_06_08 283.296123 8 283.296123 1 8 0 281.503389
7 3563653 sector_06_13 283.214594 18 281.503389
27 3563713 sector_03_04 283.189755 14 281.503389
2 3565290 sector_06_06 282.630314 10 281.503389
21 3565444 sector_06_08 283.296123 8 281.503389
23 3565670 sector_05_14 282.956737 11 281.503389
26 3566140 sector_05_10 282.753470 13 281.503389
28 3566153 sector_06_00 282.520029 6 281.503389
3 3566221 sector_07_06 283.116837 12 281.503389
   0 35 0.144023 
   1 35 0.188412 
   2 35 0.198507 
   3 35 0.187693 
   4 35 0.142074 
   6 35 0.152613 
   5 35 0.172327 
   9 35 0.127612 
   7 35 0.126362 
   8 35 0.143521 
   10 35 0.191189 
   13 35 0.132796 
   11 35 0.162254 
   14 35 0.165821 
   15 35 0.164909 
   22 35 0.157560 
   23 35 0.142132 
   16 35 0.154854 
   12 35 0.154469 
   18 35 0.134779 
   21 35 0.162665 
   20 35 0.183263 
   17 35 0.109612 
   28 35 0.166737 
   25 35 0.137201 
   24 35 0.162987 
   27 35 0.179576 
   19 35 0.184706 
   26 35 0.191390 
   29 35 0.136970 
   30 35 0.143549 
   31 35 0.112602 
26 3627689 35 sector_02_00 290.924533 7 290.924533 1 9 0 288.011712
20 3627703 35 sector_01_03 291.475582 25 291.475582 1 5 0 288.011712
19 3627783 35 sector_03_13 291.832142 18 291.832142 1 6 0 288.011712
3 3627844 35 sector_07_01 291.609460 13 291.609460 1 1 0 288.011712
5 3627926 35 sector_02_15 293.042808 29 293.042808 1 2 6 288.011712
1 3627941 35 sector_06_12 293.834931 9 293.834931 1 1 0 288.011712
2 3627942 35 sector_03_06 291.013363 17 291.013363 1 4 0 288.011712
10 3627960 35 sector_06_06 291.159215 31 291.159215 1 4 0 288.011712
3 3629303 sector_07_01 291.609460 13 288.011712
1 3629886 sector_06_12 293.834931 9 290.749634
20 3630495 sector_01_03 291.475582 25 290.749634
10 3630782 sector_06_06 291.159215 31 290.749634
2 3630808 sector_03_06 291.013363 17 290.749634
5 3630852 sector_02_15 293.042808 29 290.749634
19 3631237 sector_03_13 291.832142 18 290.749634
26 3632486 sector_02_00 290.924533 7 290.749634
   0 36 0.199864 
   1 36 0.156943 
   2 36 0.145212 
   3 36 0.137888 
   4 36 0.210073 
   5 36 0.138547 
   6 36 0.228616 
   7 36 0.151080 
   8 36 0.104690 
   10 36 0.193686 
   11 36 0.184693 
   9 36 0.193666 
   12 36 0.154919 
   13 36 0.153204 
   14 36 0.174375 
   15 36 0.159100 
   16 36 0.170211 
   23 36 0.124117 
   22 36 0.169960 
   20 36 0.139279 
   24 36 0.143187 
   21 36 0.154967 
0 3694140 36 sector_02_08 301.470388 5 301.470388 1 5 0 298.186432
   19 36 0.148538 
   28 36 0.128940 
   17 36 0.173685 
   27 36 0.203430 
   25 36 0.219191 
   26 36 0.131439 
   18 36 0.162866 
   29 36 0.167222 
   30 36 0.156457 
   31 36 0.162428 
27 3693706 36 sector_03_05 301.928598 3 301.928598 1 1 0 298.186432
10 3693876 36 sector_01_13 300.007479 26 300.007479 1 8 7 298.186432
25 3693873 36 sector_01_03 300.108832 28 300.108832 1 3 1 298.186432
9 3693936 36 sector_06_12 300.336448 20 300.336448 1 3 0 298.186432
4 3693984 36 sector_02_07 299.890039 23 299.890039 1 6 0 298.186432
6 3694069 36 sector_01_05 302.501019 8 302.501019 1 1 0 298.186432
11 3694107 36 sector_04_07 300.328163 2 300.328163 1 5 0 298.186432
0 3696708 sector_02_08 301.470388 5 298.186432
27 3695038 sector_03_05 301.928598 3 298.186432
6 3695415 sector_01_05 302.501019 8 298.186432
25 3695561 sector_01_03 300.108832 28 298.186432
9 3696201 sector_06_12 300.336448 20 298.186432
4 3696895 sector_02_07 299.890039 23 298.186432
10 3697118 sector_01_13 300.007479 26 298.186432
11 3697365 sector_04_07 300.328163 2 298.186432
   0 37 0.130071 
   1 37 0.120034 
   2 37 0.142663 
   3 37 0.204322 
   5 37 0.192802 
   4 37 0.107337 
   7 37 0.147235 
   11 37 0.122977 
   6 37 0.137053 
   10 37 0.148916 
   12 37 0.144632 
   9 37 0.141737 
   8 37 0.200841 
   15 37 0.138220 
   20 37 0.163909 
   13 37 0.135996 
   21 37 0.155360 
   19 37 0.144984 
   14 37 0.170228 
   22 37 0.173327 
   16 37 0.159647 
   23 37 0.128843 
   24 37 0.140283 
   27 37 0.133079 
   28 37 0.147180 
   18 37 0.225786 
   17 37 0.173400 
   26 37 0.162933 
   29 37 0.216923 
   30 37 0.119775 
   25 37 0.182488 
   31 37 0.192092 
31 3759952 37 puck0015 308.222170 0 308.222170 1 2 0 307.355881
29 3760073 37 sector_05_13 309.409850 30 309.409850 1 2 0 307.355881
25 3760231 37 sector_07_09 311.164357 6 311.164357 1 1 0 307.355881
8 3760242 37 sector_06_08 308.503929 11 308.503929 1 3 5 307.355881
18 3760293 37 sector_06_13 308.009945 4 308.009945 1 7 0 307.355881
3 3760317 37 sector_05_01 307.599763 1 307.599763 1 10 0 307.355881
5 3760326 37 sector_02_08 313.662932 23 313.662932 1 1 0 307.355881
14 3760393 37 sector_03_02 309.268959 13 309.268959 1 6 0 307.355881
29 3761412 sector_05_13 309.409850 30 307.355881
25 3761714 sector_07_09 311.164357 6 307.355881
8 3761996 sector_06_08 308.503929 11 307.355881
5 3761997 sector_02_08 313.662932 23 307.355881
18 3762711 sector_06_13 308.009945 4 307.355881
31 3762742 puck0015 308.222170 0 307.355881
14 3764166 sector_03_02 309.268959 13 307.355881
3 3764325 sector_05_01 307.599763 1 307.355881
   0 38 0.104522 
   1 38 0.158541 
   2 38 0.128582 
   4 38 0.160555 
   3 38 0.154286 
   5 38 0.146469 
   9 38 0.179922 
   6 38 0.168339 
   10 38 0.121440 
   7 38 0.184645 
   8 38 0.127887 
   22 38 0.125459 
   12 38 0.138486 
   11 38 0.186606 
   13 38 0.198612 
   14 38 0.134445 
   21 38 0.176092 
   15 38 0.163977 
   27 38 0.133300 
   16 38 0.160612 
   20 38 0.157806 
   18 38 0.175832 
   23 38 0.164317 
   19 38 0.123078 
   24 38 0.158733 
   30 38 0.200713 
   26 38 0.188261 
   17 38 0.145730 
   28 38 0.168378 
   25 38 0.112638 
   29 38 0.126915 
   31 38 0.163336 
30 3825995 38 sector_05_00 318.342621 0 999999999.000000 2 1 0 313.519987
26 3826033 38 sector_04_04 315.822719 10 315.822719 1 15 0 313.519987
11 3826159 38 sector_03_11 317.867330 8 317.867330 1 1 0 313.519987
7 3826206 38 sector_02_00 319.406517 2 319.406517 1 3 0 313.519987
9 3826226 38 sector_07_04 316.274246 19 316.274246 1 5 0 313.519987
18 3826243 38 sector_03_13 315.977934 22 315.977934 1 7 0 313.519987
21 3826269 38 sector_07_05 316.047425 29 316.047425 1 7 0 313.519987
13 3826300 38 sector_05_10 316.280491 25 316.280491 1 5 0 313.519987
11 3827735 sector_03_11 317.867330 8 313.519987
7 3828149 sector_02_00 319.406517 2 313.519987
13 3828610 sector_05_10 316.280491 25 313.519987
18 3829219 sector_03_13 315.977934 22 313.519987
21 3829421 sector_07_05 316.047425 29 313.519987
9 3829495 sector_07_04 316.274246 19 313.519987
30 3830477 sector_05_00 318.342621 0 316.081695
26 3831437 sector_04_04 315.822719 10 316.081695
   0 39 0.133310 
   1 39 0.135617 
   2 39 0.181331 
   4 39 0.201624 
   3 39 0.171854 
   5 39 0.141048 
   9 39 0.169112 
   7 39 0.159005 
   10 39 0.160980 
   6 39 0.199864 
   11 39 0.149885 
   8 39 0.132045 
   12 39 0.176529 
   22 39 0.164814 
   15 39 0.182428 
   21 39 0.114711 
   13 39 0.176355 
   14 39 0.124020 
   16 39 0.135881 
   20 39 0.164437 
   23 39 0.151140 
   19 39 0.148946 
   27 39 0.140227 
   24 39 0.128105 
   17 39 0.185865 
   18 39 0.119444 
   26 39 0.127378 
   28 39 0.162904 
   30 39 0.148304 
   25 39 0.151069 
   29 39 0.183239 
   31 39 0.131773 
29 3892011 39 sector_02_15 324.871117 0 324.871117 1 5 0 322.889416
17 3892166 39 sector_07_13 323.897716 26 323.897716 1 6 0 322.889416
15 3892199 39 sector_03_00 325.952998 24 325.952998 1 2 0 322.889416
12 3892307 39 sector_00_04 324.712979 8 324.712979 1 10 21 322.889416
4 3892316 39 sector_03_03 323.713219 18 323.713219 1 10 6 322.889416
3 3892318 39 sector_00_00 326.760176 1 326.760176 1 2 1 322.889416
6 3892317 39 sector_07_09 324.598427 21 999999999.000000 2 1 0 322.889416
2 3892340 39 sector_04_03 325.459194 14 325.459194 1 3 0 322.889416
15 3893717 sector_03_00 325.952998 24 322.889416
17 3894192 sector_07_13 323.897716 26 322.889416
2 3894335 sector_04_03 325.459194 14 322.889416
6 3894448 sector_07_09 324.598427 21 322.889416
3 3894616 sector_00_00 326.760176 1 322.889416
4 3896390 sector_03_03 323.713219 18 322.889416
12 3897921 sector_00_04 324.712979 8 322.889416
29 3900650 sector_02_15 324.871117 0 322.889416
   0 40 0.133331 
   2 40 0.158334 
   1 40 0.146080 
   3 40 0.114080 
   5 40 0.124264 
   6 40 0.115225 
   11 40 0.144181 
   4 40 0.200653 
   7 40 0.118853 
   8 40 0.108956 
   12 40 0.099095 
   13 40 0.131518 
   14 40 0.140896 
   15 40 0.120130 
   9 40 0.093659 
   10 40 0.117026 
   18 40 0.132057 
   16 40 0.126768 
   20 40 0.116811 
   19 40 0.106750 
   22 40 0.138568 
   21 40 0.130307 
   27 40 0.087175 
   24 40 0.151050 
   26 40 0.114162 
   25 40 0.128597 
   17 40 0.176415 
   28 40 0.112595 
   23 40 0.170991 
   29 40 0.143142 
   31 40 0.149603 
   30 40 0.196071 
30 3958349 40 sector_01_09 331.112211 9 331.112211 1 6 0 330.702765
23 3958576 40 sector_02_07 331.444329 8 331.444329 1 10 8 330.702765
24 3958587 40 sector_06_05 331.707189 3 331.707189 1 3 0 330.702765
17 3958589 40 sector_03_06 332.779395 12 332.779395 1 2 5 330.702765
11 3958638 40 sector_03_09 332.377220 7 999999999.000000 2 1 0 330.702765
4 3958743 40 sector_00_08 331.176181 27 331.176181 1 8 18 330.702765
1 3958773 40 sector_00_00 333.942543 6 333.942543 1 3 0 330.702765
2 3958840 40 sector_02_00 331.738105 19 331.738105 1 6 2 330.702765
17 3960318 sector_03_06 332.779395 12 330.702765
24 3960322 sector_06_05 331.707189 3 330.702765
11 3960563 sector_03_09 332.377220 7 330.702765
2 3961471 sector_02_00 331.738105 19 330.702765
4 3963366 sector_00_08 331.176181 27 330.702765
30 3961306 sector_01_09 331.112211 9 330.702765
1 3960565 sector_00_00 333.942543 6 330.702765
23 3964623 sector_02_07 331.444329 8 330.702765
   0 41 0.145633 
   1 41 0.167266 
   2 41 0.130270 
   3 41 0.114631 
   5 41 0.092645 
   4 41 0.131300 
   7 41 0.154648 
   6 41 0.141058 
   8 41 0.208253 
   11 41 0.104394 
   9 41 0.187618 
   15 41 0.121447 
   13 41 0.112281 
   14 41 0.164750 
   23 41 0.244071 
   12 41 0.143788 
   20 41 0.170795 
   16 41 0.178323 
   10 41 0.151831 
   22 41 0.194101 
   18 41 0.159652 
   24 41 0.170162 
   28 41 0.160917 
   17 41 0.113502 
   19 41 0.182635 
   26 41 0.164182 
   21 41 0.156394 
   25 41 0.164005 
   27 41 0.169016 
   29 41 0.095675 
   30 41 0.137597 
   31 41 0.175539 
24 4024653 41 sector_02_04 342.597296 2 342.597296 1 2 6 337.909101
16 4024673 41 sector_01_00 340.427449 17 340.427449 1 4 0 337.909101
22 4024670 41 sector_00_12 339.600873 11 339.600873 1 12 3 337.909101
23 4024706 41 sector_02_08 340.093134 5 340.093134 1 5 0 337.909101
9 4024739 41 sector_03_07 342.317933 3 342.317933 1 2 0 337.909101
20 4024779 41 sector_05_04 342.638581 15 342.638581 1 1 0 337.909101
19 4024834 41 sector_04_05 340.822658 13 340.822658 1 5 0 337.909101
8 4024873 41 sector_02_07 341.758282 29 341.758282 1 1 0 337.909101
20 4026014 sector_05_04 342.638581 15 337.909101
8 4025932 sector_02_07 341.758282 29 337.909101
9 4026287 sector_03_07 342.317933 3 337.909101
16 4026534 sector_01_00 340.427449 17 337.909101
23 4027076 sector_02_08 340.093134 5 337.909101
19 4027485 sector_04_05 340.822658 13 337.909101
24 4028704 sector_02_04 342.597296 2 337.909101
22 4028737 sector_00_12 339.600873 11 337.909101
   0 42 0.131888 
   1 42 0.172999 
   2 42 0.144341 
   3 42 0.192052 
   5 42 0.162961 
   4 42 0.145461 
   6 42 0.125325 
   7 42 0.175661 
   8 42 0.155563 
   11 42 0.139683 
   12 42 0.157428 
   13 42 0.209626 
   9 42 0.134180 
   10 42 0.132231 
   14 42 0.182449 
   20 42 0.143705 
   15 42 0.151864 
   16 42 0.147389 
   23 42 0.140069 
   19 42 0.105431 
   18 42 0.150196 
   17 42 0.129744 
   21 42 0.132184 
   24 42 0.142017 
   28 42 0.151938 
   22 42 0.173874 
   26 42 0.149451 
   25 42 0.127427 
   27 42 0.191159 
   29 42 0.162474 
   30 42 0.145100 
   31 42 0.186762 
31 4090533 42 sector_06_06 351.653378 0 351.653378 1 1 5 346.742086
27 4090843 42 sector_00_08 347.816985 17 347.816985 1 13 10 346.742086
22 4090866 42 sector_02_12 350.769853 11 350.769853 1 4 0 346.742086
13 4090868 42 sector_04_13 347.739841 19 347.739841 1 9 0 346.742086
3 4090927 42 sector_00_13 348.547374 6 348.547374 1 6 0 346.742086
14 4090958 42 sector_04_03 348.323846 25 348.323846 1 4 0 346.742086
7 4091001 42 sector_00_14 351.067878 10 351.067878 1 1 0 346.742086
1 4091113 42 sector_03_01 348.747315 9 348.747315 1 6 8 346.742086
7 4092156 sector_00_14 351.067878 10 346.742086
14 4093204 sector_04_03 348.323846 25 346.742086
22 4093514 sector_02_12 350.769853 11 346.742086
3 4093731 sector_00_13 348.547374 6 346.742086
13 4094008 sector_04_13 347.739841 19 346.742086
1 4094733 sector_03_01 348.747315 9 346.742086
31 4095435 sector_06_06 351.653378 0 346.742086
27 4096357 sector_00_08 347.816985 17 346.742086
   0 43 0.176932 
   1 43 0.136393 
   2 43 0.132463 
   3 43 0.141338 
   5 43 0.171632 
   4 43 0.120516 
   6 43 0.194280 
   7 43 0.157026 
   11 43 0.145327 
   8 43 0.182092 
   12 43 0.170146 
   9 43 0.161418 
   15 43 0.188625 
   10 43 0.192985 
   16 43 0.109234 
   19 43 0.207102 
   13 43 0.153545 
   22 43 0.135393 
   23 43 0.119623 
0 4156969 43 sector_05_00 356.157870 24 356.157870 1 3 0 354.409751
   20 43 0.121064 
   24 43 0.129941 
   14 43 0.126173 
   21 43 0.140978 
   28 43 0.179845 
   26 43 0.160033 
   18 43 0.113684 
   27 43 0.126752 
   17 43 0.156881 
   30 43 0.143078 
   29 43 0.135694 
   25 43 0.199146 
0 4159877 sector_05_00 356.157870 24 355.983045
   31 43 0.125839 
25 4156685 43 sector_05_10 357.381409 4 357.381409 1 16 0 354.409751
19 4156738 43 sector_02_00 356.849910 16 356.849910 1 5 0 354.409751
5 4156825 43 sector_00_05 370.594719 27 999999999.000000 2 1 0 354.409751
15 4156841 43 sector_04_15 360.402956 20 360.402956 1 1 0 354.409751
8 4156866 43 sector_02_13 356.154204 14 356.154204 1 10 8 354.409751
6 4156922 43 sector_02_01 357.426730 18 357.426730 1 3 0 354.409751
10 4156982 43 sector_04_04 357.070234 23 357.070234 1 9 0 354.409751
15 4158338 sector_04_15 360.402956 20 354.409751
5 4159044 sector_00_05 370.594719 27 355.983045
6 4159242 sector_02_01 357.426730 18 355.983045
19 4159390 sector_02_00 356.849910 16 355.983045
8 4161005 sector_02_13 356.154204 14 355.983045
10 4162167 sector_04_04 357.070234 23 355.983045
25 4163475 sector_05_10 357.381409 4 355.983045
   0 44 0.225943 
   2 44 0.146390 
   1 44 0.131121 
   6 44 0.110730 
   5 44 0.156813 
   3 44 0.169561 
   11 44 0.158859 
   4 44 0.144103 
   13 44 0.142902 
   14 44 0.174548 
   12 44 0.148734 
   9 44 0.171750 
   7 44 0.134068 
   8 44 0.166722 
   18 44 0.223951 
   20 44 0.139776 
   10 44 0.133440 
   17 44 0.149149 
   22 44 0.135474 
   15 44 0.143377 
0 4223327 44 sector_01_04 364.328480 6 364.328480 1 7 0 363.045456
   23 44 0.145936 
   26 44 0.136465 
   19 44 0.147893 
   16 44 0.153266 
   27 44 0.129786 
   25 44 0.183978 
   21 44 0.135867 
   24 44 0.123820 
   28 44 0.161777 
   29 44 0.169554 
   30 44 0.115938 
   31 44 0.126119 
28 4223100 44 puck0012 365.747347 10 365.747347 1 2 0 363.045456
25 4223112 44 sector_01_02 369.815591 24 369.815591 1 1 0 363.045456
18 4223184 44 sector_02_10 364.556760 30 364.556760 1 22 13 363.045456
8 4223240 44 sector_00_04 365.644570 7 365.644570 1 5 0 363.045456
3 4223303 44 sector_03_05 365.127110 1 365.127110 1 2 0 363.045456
0 4226197 sector_01_04 364.328480 6 363.045456
9 4223373 44 sector_07_07 365.431748 27 365.431748 1 2 0 363.045456
14 4223402 44 sector_03_04 365.654920 31 365.654920 1 1 5 363.045456
14 4224703 sector_03_04 365.654920 31 363.045456
25 4224796 sector_01_02 369.815591 24 363.045456
3 4224794 sector_03_05 365.127110 1 363.045456
28 4224958 puck0012 365.747347 10 363.045456
9 4225231 sector_07_07 365.431748 27 363.045456
8 4226968 sector_00_04 365.644570 7 363.045456
18 4230387 sector_02_10 364.556760 30 363.045456
   0 45 0.150853 
   2 45 0.162633 
   1 45 0.163257 
   5 45 0.212352 
   3 45 0.140627 
   4 45 0.127482 
   6 45 0.129692 
   7 45 0.173662 
   8 45 0.155686 
   12 45 0.167346 
   11 45 0.150832 
   9 45 0.131930 
   14 45 0.097169 
   15 45 0.145995 
   13 45 0.171260 
   16 45 0.113962 
   10 45 0.172361 
   20 45 0.112575 
   19 45 0.172598 
   22 45 0.137986 
   24 45 0.165630 
   23 45 0.182433 
   17 45 0.134075 
   18 45 0.172374 
   26 45 0.140571 
   21 45 0.174835 
   27 45 0.118966 
   28 45 0.157270 
   29 45 0.172233 
   25 45 0.127459 
   30 45 0.151996 
   31 45 0.196833 
31 4289530 45 sector_00_01 372.388343 16 372.388343 1 5 1 371.971786
23 4289782 45 sector_04_04 372.940150 20 372.940150 1 3 0 371.971786
19 4289865 45 sector_07_04 376.652462 9 376.652462 1 2 5 371.971786
18 4289918 45 sector_02_14 372.593470 25 372.593470 1 5 0 371.971786
5 4289971 45 sector_06_04 373.903375 14 373.903375 1 6 0 371.971786
10 4289981 45 sector_07_08 374.354969 4 374.354969 1 3 7 371.971786
13 4290006 45 sector_07_01 374.729177 6 374.729177 1 2 0 371.971786
7 4290036 45 sector_03_09 375.481733 27 375.481733 1 1 0 371.971786
7 4291275 sector_03_09 375.481733 27 371.971786
13 4291433 sector_07_01 374.729177 6 371.971786
23 4291845 sector_04_04 372.940150 20 371.971786
18 4292191 sector_02_14 372.593470 25 371.971786
31 4292313 sector_00_01 372.388343 16 371.971786
10 4292733 sector_07_08 374.354969 4 371.971786
19 4292940 sector_07_04 376.652462 9 371.971786
5 4293484 sector_06_04 373.903375 14 371.971786
   0 46 0.145993 
   2 46 0.180350 
   1 46 0.166076 
   5 46 0.125550 
   6 46 0.222071 
   3 46 0.132306 
   11 46 0.138001 
   12 46 0.151381 
   13 46 0.138904 
   7 46 0.130968 
   4 46 0.109507 
   19 46 0.116826 
   14 46 0.115150 
   20 46 0.187206 
   8 46 0.150342 
   18 46 0.118320 
   16 46 0.176263 
   9 46 0.139512 
   26 46 0.151276 
   15 46 0.122684 
   10 46 0.099719 
   23 46 0.145656 
   17 46 0.140078 
   25 46 0.158142 
   22 46 0.110606 
   21 46 0.161965 
   28 46 0.202335 
   24 46 0.180406 
   29 46 0.189027 
   27 46 0.211688 
   31 46 0.140446 
   30 46 0.140562 
28 4360246 46 sector_01_03 381.439031 14 381.439031 1 4 0 379.033181
29 4360253 46 sector_00_03 381.530555 5 999999999.000000 2 1 0 379.033181
27 4360306 46 sector_04_11 380.937874 4 380.937874 1 8 0 379.033181
20 4360375 46 sector_01_12 382.372422 19 382.372422 1 7 0 379.033181
16 4360394 46 sector_01_11 381.443899 15 381.443899 1 2 0 379.033181
6 4360605 46 sector_06_00 384.957729 10 384.957729 1 2 0 379.033181
2 4360597 46 sector_00_02 380.249279 18 999999999.000000 2 1 0 379.033181
24 4360316 46 sector_01_02 383.448389 22 383.448389 1 2 0 379.033181
24 4361672 sector_01_02 383.448389 22 379.033181
16 4361943 sector_01_11 381.443899 15 379.033181
6 4362024 sector_06_00 384.957729 10 379.033181
28 4362200 sector_01_03 381.439031 14 379.033181
29 4362225 sector_00_03 381.530555 5 379.033181
2 4362578 sector_00_02 380.249279 18 379.033181
27 4363462 sector_04_11 380.937874 4 379.033181
20 4365504 sector_01_12 382.372422 19 380.702714
   0 47 0.181399 
   1 47 0.165444 
   2 47 0.158137 
   4 47 0.228605 
   5 47 0.129332 
   3 47 0.162641 
   6 47 0.170355 
   9 47 0.162869 
   11 47 0.146995 
   7 47 0.131915 
   13 47 0.115119 
   22 47 0.176317 
   14 47 0.210124 
   8 47 0.165523 
   12 47 0.170203 
   20 47 0.153647 
   10 47 0.132317 
0 4426665 47 sector_02_15 389.837663 18 389.837663 1 3 0 388.502401
   18 47 0.124259 
   27 47 0.205068 
   15 47 0.187412 
   23 47 0.140241 
   19 47 0.154996 
   17 47 0.132989 
   21 47 0.186696 
   16 47 0.129940 
   25 47 0.164384 
   26 47 0.170347 
   28 47 0.169509 
   24 47 0.175399 
   29 47 0.168600 
   30 47 0.173518 
   31 47 0.173359 
27 4426328 47 sector_07_07 389.922335 16 389.922335 1 5 0 388.502401
21 4426411 47 sector_07_14 390.043516 10 390.043516 1 4 7 388.502401
0 4429083 sector_02_15 389.837663 18 388.502401
15 4426487 47 sector_06_09 389.607342 7 389.607342 1 5 1 388.502401
4 4426500 47 sector_05_10 389.283409 13 389.283409 1 5 0 388.502401
14 4426555 47 sector_02_13 389.745460 5 389.745460 1 4 0 388.502401
6 4426715 47 sector_00_13 390.847978 17 390.847978 1 2 0 388.502401
12 4426572 47 puck0028 390.894831 11 390.894831 1 4 0 388.502401
6 4428159 sector_00_13 390.847978 17 388.502401
27 4428331 sector_07_07 389.922335 16 388.502401
14 4428716 sector_02_13 389.745460 5 388.502401
15 4429040 sector_06_09 389.607342 7 388.502401
4 4429101 sector_05_10 389.283409 13 388.502401
12 4428791 puck0028 390.894831 11 388.502401
21 4430002 sector_07_14 390.043516 10 388.502401
   0 48 0.183394 
   1 48 0.175693 
   2 48 0.124361 
   3 48 0.190638 
   6 48 0.142123 
   4 48 0.221981 
   5 48 0.147061 
   13 48 0.158302 
   7 48 0.169598 
   14 48 0.166026 
   8 48 0.109856 
   9 48 0.195938 
   18 48 0.146362 
   11 48 0.153202 
   10 48 0.129192 
   15 48 0.169463 
   12 48 0.180931 
   17 48 0.187713 
   16 48 0.191240 
   25 48 0.118478 
   20 48 0.159444 
0 4493199 48 sector_03_12 397.901054 24 397.901054 1 6 0 395.237266
   23 48 0.150788 
   22 48 0.127810 
   19 48 0.145340 
   21 48 0.174896 
   24 48 0.133409 
   26 48 0.172469 
   29 48 0.143840 
   28 48 0.145064 
   27 48 0.169294 
   31 48 0.132969 
   30 48 0.219242 
30 4492747 48 sector_02_10 399.373234 25 399.373234 1 1 0 395.237266
9 4492967 48 sector_01_09 399.116312 10 399.116312 1 1 0 395.237266
17 4493020 48 sector_00_13 398.465953 5 398.465953 1 4 0 395.237266
12 4493055 48 sector_04_12 398.172040 31 999999999.000000 2 1 0 395.237266
4 4493076 48 sector_04_11 397.901054 8 397.901054 1 7 0 395.237266
3 4493094 48 sector_03_07 398.447248 2 398.447248 1 9 0 395.237266
0 4496697 sector_03_12 397.901054 24 397.299767
16 4493101 48 sector_07_07 397.468707 22 397.468707 1 6 0 395.237266
9 4495333 sector_01_09 399.116312 10 397.299767
30 4494624 sector_02_10 399.373234 25 397.299767
12 4495614 sector_04_12 398.172040 31 397.299767
4 4496441 sector_04_11 397.901054 8 397.299767
17 4496638 sector_00_13 398.465953 5 397.299767
3 4496994 sector_03_07 398.447248 2 397.299767
16 4497127 sector_07_07 397.468707 22 397.299767
   0 49 0.018005 
   1 49 0.016472 
   2 49 0.017407 
