Version 2.7

Config File ../balconfig/pucks.cfg.32

Elapsed time for this run was 193.32 seconds


Node	Obj	E+FT	E-FT	E+FR	E-FR	E+FC	e starts	e cmps	e com	e zap	# ssave	# scom	E Sent	E+RT	E-RT	E+RR	E-RR	cr strts	ds strts	cm cr	cm ds	migr	stmigr	imigr	omigr	sqlen	iqlen	oqlen	sqmax,	iqmax,	oqmax	stforw	ctime	cpu	segmax

0	sector_06_06	3952	519	2460	308	2152	3774	3525	1931	308	3526	1932	6090	0	0	0	0	0	0	1	0	0	0	0	0	5	9	9	15	23	41	0	7.830125	13.723812	0

0	puck0036	139	13	1420	246	1174	2056	1905	1028	246	1906	1029	172	0	0	0	0	0	0	1	0	0	0	0	0	3	5	0	12	15	4	0	1.049937	1.576437	0

0	stdout	0	0	0	0	0	0	0	0	0	0	0	0	0	0	0	0	0	0	0	0	0	0	0	0	0	0	0	0	0	0	0	0.000000	0.000000	0

0	puck0023	157	12	1402	230	1172	2083	1950	1022	230	1951	1023	195	0	0	0	0	0	0	1	0	0	0	0	0	3	5	0	10	22	6	0	1.064750	1.642625	0

0	sector_07_10	2616	307	1671	186	1485	2472	2328	1375	186	2329	1376	4039	0	0	0	0	0	0	1	0	0	0	0	0	4	6	7	12	17	38	0	4.705563	7.925937	0

0	cushion_0_05	111	12	315	17	298	339	335	282	17	336	283	126	0	0	0	0	0	0	1	0	0	0	0	0	1	0	0	4	3	2	0	0.406562	0.487375	0

0	puck0095	113	8	1249	187	1062	1834	1713	945	187	1714	946	133	0	0	0	0	0	0	1	0	0	0	0	0	3	5	0	12	14	4	0	0.931750	1.376750	0

0	sector_07_12	2922	348	1755	222	1533	2528	2368	1407	222	2369	1408	4356	0	0	0	0	0	0	1	0	0	0	0	0	4	6	7	12	18	43	0	4.838438	7.982563	0

0	puck0075	156	12	1509	220	1289	2193	2069	1122	220	2070	1123	197	0	0	0	0	0	0	1	0	0	0	0	0	3	5	0	11	18	5	0	1.238750	1.814938	0

0	sector_06_03	3749	541	2389	322	2067	3690	3413	1852	322	3414	1853	5974	0	0	0	0	0	0	1	0	0	0	0	0	5	8	8	14	28	50	0	7.531438	13.411750	0

Config eposfs 321
Node 0: Cache Probes 27964, Cache Hits 27955, Cache Misses 9 Hit Ratio 99.97 percent
Migration Count Node 0: Migrations In 0, Migrations Out 0, Routing Faults 0, States Out 0, States In 0, States Not Sent 0
Load Stats: Cycles 0, Imbalances 0, Phase Not Chosen 0
Page Fault Node	0:	0
TW node	0	Cluster node	0	Mach node	192	Physical node	0xffffdc80
Node 0: max msg buffs allocated to free pool = 500
Node 0: num msg buffs released from free pool = 0
Node 0: Max Local Time 21290937 for Object sector_06_06
Node 0: No home ask needed for pending entry 0 times
Node 0: Objects blocked 0 times
Node 0: Homeasks sent 0 Homeasks received 214
Node 0: Homeans sent 214 Homeans received 0

1	sector_03_12	4038	637	2512	343	2169	4215	3874	1946	343	3875	1947	7087	0	0	0	0	0	0	1	0	0	0	0	0	5	8	9	18	24	53	0	7.899500	15.298438	0

3	cushion_3_06	64	4	360	16	344	387	380	321	16	381	322	76	0	0	0	0	0	0	1	0	0	0	0	0	1	1	0	4	4	3	0	0.419437	0.498813	0

2	sector_06_07	4085	646	2541	344	2197	3781	3487	1956	344	3488	1957	6521	0	0	0	0	0	0	1	0	0	0	0	0	5	9	9	13	27	35	0	7.923687	14.146062	0

5	puck0127	105	6	1205	179	1026	1497	1424	903	179	1425	904	126	0	0	0	0	0	0	1	0	0	0	0	0	3	5	0	8	20	3	0	0.916750	1.234563	0

4	puck0047	159	21	1396	234	1162	1794	1672	1013	234	1673	1014	205	0	0	0	0	0	0	1	0	0	0	0	0	3	5	0	13	20	8	0	1.116750	1.563937	0

17	puck0121	147	9	1569	273	1296	1890	1793	1140	273	1794	1141	191	0	0	0	0	0	0	1	0	0	0	0	0	3	5	0	10	17	4	0	1.197250	1.614688	0

15	sector_06_02	4093	596	2442	290	2152	3637	3367	1897	290	3368	1898	6286	0	0	0	0	0	0	1	0	0	0	0	0	5	8	9	17	25	44	0	7.696625	13.256250	0

7	cushion_3_05	65	2	326	17	309	331	327	297	17	328	298	70	0	0	0	0	0	0	1	0	0	0	0	0	1	0	0	4	5	1	0	0.383125	0.423687	0

16	sector_01_12	3587	610	2232	291	1941	3736	3494	1756	291	3495	1757	6422	0	0	0	0	0	0	1	0	0	0	0	0	6	9	11	19	22	50	0	7.077187	13.648125	0

31	sector_07_06	3447	404	1924	229	1695	2775	2583	1547	229	2584	1548	5230	0	0	0	0	0	0	1	0	0	0	0	0	4	6	8	13	18	33	0	5.394687	8.805000	0

9	puck0057	134	13	1446	211	1235	1984	1870	1091	211	1871	1092	161	0	0	0	0	0	0	1	0	0	0	0	0	3	5	0	10	16	4	0	1.036875	1.492750	0

8	puck0098	101	7	1112	168	944	1496	1408	835	168	1409	836	143	0	0	0	0	0	0	1	0	0	0	0	0	3	4	0	12	24	3	0	0.910875	1.321250	0

23	puck0094	108	5	1338	194	1144	1599	1524	1011	194	1525	1012	136	0	0	0	0	0	0	1	0	0	0	0	0	3	5	0	12	15	3	0	1.010750	1.308437	0

6	puck0060	170	30	1446	199	1247	1934	1825	1089	199	1826	1090	211	0	0	0	0	0	0	1	0	0	0	0	0	3	5	0	11	16	8	0	1.095562	1.563625	0

19	puck0000	124	10	1384	208	1176	1797	1694	1037	208	1695	1038	164	0	0	0	0	0	0	1	0	0	0	0	0	3	5	0	11	31	8	0	0.995125	1.412500	0

21	cushion_3_07	68	2	357	24	333	371	367	318	24	368	319	74	0	0	0	0	0	0	1	0	0	0	0	0	1	1	0	6	6	1	0	0.402500	0.464187	0

18	sector_03_07	3563	511	2431	334	2097	3613	3356	1882	334	3357	1883	5738	0	0	0	0	0	0	1	0	0	0	0	0	4	8	8	18	25	47	0	7.661625	13.371937	0

25	puck0005	134	16	1382	204	1178	1698	1609	1037	204	1610	1038	165	0	0	0	0	0	0	1	0	0	0	0	0	3	5	0	10	28	8	0	1.047688	1.428937	0

22	puck0065	129	10	1241	181	1060	1647	1551	924	181	1552	925	159	0	0	0	0	0	0	1	0	0	0	0	0	3	5	0	10	16	7	0	0.943500	1.354937	0

27	puck0040	128	23	1208	192	1016	1650	1575	909	192	1576	910	184	0	0	0	0	0	0	1	0	0	0	0	0	3	5	0	10	19	4	0	0.965375	1.431375	0

20	sector_05_12	3998	634	2571	374	2197	3852	3550	1966	374	3551	1967	6478	0	0	0	0	0	0	1	0	0	0	0	0	4	8	8	15	23	40	0	7.887562	14.312188	0

11	sector_07_08	3379	348	1892	204	1688	2780	2590	1539	204	2591	1540	5042	0	0	0	0	0	0	1	0	0	0	0	0	4	6	7	12	24	66	0	5.395313	8.753875	0

24	puck0076	142	12	1401	232	1169	1952	1841	1001	232	1842	1002	208	0	0	0	0	0	0	1	0	0	0	0	0	3	5	0	13	21	7	0	1.135500	1.704813	0

29	puck0061	128	14	1451	266	1185	2150	2007	1042	266	2008	1043	192	0	0	0	0	0	0	1	0	0	0	0	0	3	5	0	10	15	7	0	0.994625	1.655000	0

12	sector_06_01	3764	427	2367	292	2075	3490	3219	1867	292	3220	1868	5737	0	0	0	0	0	0	1	0	0	0	0	0	4	7	7	12	27	58	0	7.561125	12.580000	0

10	sector_00_01	2846	321	1702	176	1526	2559	2391	1384	176	2392	1385	4466	0	0	0	0	0	0	1	0	0	0	0	0	3	6	6	13	20	33	0	4.837625	7.999750	0

13	sector_02_07	3298	350	2259	249	2010	3150	2959	1812	249	2960	1813	4743	0	0	0	0	0	0	1	0	0	0	0	0	4	8	7	13	22	36	0	7.358750	11.700688	0

26	sector_04_06	4082	668	2584	373	2211	4221	3888	1978	373	3889	1979	6810	0	0	0	0	0	0	1	0	0	0	0	0	5	9	11	19	27	48	0	8.027812	15.551250	0

28	sector_00_06	3151	402	1821	224	1597	2658	2498	1464	224	2499	1465	4550	0	0	0	0	0	0	1	0	0	0	0	0	4	6	7	16	23	50	0	5.096125	8.378625	0

14	puck0115	148	14	1534	247	1287	2138	1988	1127	247	1989	1128	170	0	0	0	0	0	0	1	0	0	0	0	0	3	5	0	11	16	5	0	1.072875	1.614000	0

30	sector_07_09	3123	417	1775	195	1580	2574	2417	1440	195	2418	1441	4503	0	0	0	0	0	0	1	0	0	0	0	0	4	6	7	15	20	37	0	5.016625	8.101688	0

1	sector_05_06	3903	739	2491	403	2088	4152	3823	1906	403	3824	1907	6756	0	0	0	0	0	0	1	0	0	0	0	0	5	8	9	16	21	50	0	7.657938	14.997375	0

2	puck0011	160	22	1306	188	1118	1804	1713	974	188	1714	975	208	0	0	0	0	0	0	1	0	0	0	0	0	3	4	0	12	14	7	0	1.079187	1.522750	0

3	puck0111	118	13	1321	206	1115	1676	1591	995	206	1592	996	154	0	0	0	0	0	0	1	0	0	0	0	0	3	5	0	10	18	4	0	1.016250	1.419688	0

5	stdout	0	0	0	0	0	0	0	0	0	0	0	0	0	0	0	0	0	0	0	0	0	0	0	0	0	0	0	0	0	0	0	0.000000	0.000000	0

4	sector_03_06	4224	694	2534	380	2154	3699	3441	1922	380	3442	1923	6841	0	0	0	0	0	0	1	0	0	0	0	0	4	9	9	15	23	39	0	7.779562	13.936687	0

17	puck0063	157	9	1566	251	1315	1903	1806	1157	251	1807	1158	191	0	0	0	0	0	0	1	0	0	0	0	0	3	5	0	10	15	3	0	1.156313	1.564500	0

6	stdout	0	0	0	0	0	0	0	0	0	0	0	0	0	0	0	0	0	0	0	0	0	0	0	0	0	0	0	0	0	0	0	0.000000	0.000000	0

16	cushion_0_00	125	16	327	15	312	386	380	291	15	381	292	155	0	0	0	0	0	0	1	0	0	0	0	0	1	0	0	7	6	4	0	0.428438	0.567813	0

7	sector_07_04	2946	233	1684	148	1536	2078	1976	1410	148	1977	1411	3855	0	0	0	0	0	0	1	0	0	0	0	0	3	5	5	12	17	37	0	4.907375	6.742813	0

15	sector_05_04	4082	644	2480	390	2090	3700	3407	1886	390	3408	1887	6400	0	0	0	0	0	0	1	0	0	0	0	0	5	9	10	14	25	52	0	7.588500	13.568687	0

31	sector_00_03	2688	259	1594	155	1439	2272	2129	1323	155	2130	1324	4022	0	0	0	0	0	0	1	0	0	0	0	0	4	6	7	14	20	46	0	4.567188	7.258250	0

9	sector_01_08	3834	652	2410	341	2069	3910	3622	1847	341	3623	1848	6578	0	0	0	0	0	0	1	0	0	0	0	0	5	8	9	13	22	44	0	7.511000	14.319812	0

8	sector_03_05	3974	735	2540	387	2153	4211	3889	1925	387	3890	1926	6908	0	0	0	0	0	0	1	0	0	0	0	0	5	8	9	14	22	46	0	7.766813	15.276687	0

19	sector_05_11	3971	747	2505	395	2110	3932	3611	1888	395	3612	1889	6420	0	0	0	0	0	0	1	0	0	0	0	0	5	8	9	15	22	45	0	7.677937	14.394500	0

23	sector_05_01	3753	603	2351	292	2059	3413	3150	1855	292	3151	1856	5661	0	0	0	0	0	0	1	0	0	0	0	0	4	8	7	13	21	41	0	7.534625	12.761188	0

21	sector_02_06	3364	423	2284	248	2036	3594	3329	1828	248	3330	1829	5465	0	0	0	0	0	0	1	0	0	0	0	0	4	8	7	18	20	42	0	7.425813	12.834875	0

18	puck0032	130	9	1598	252	1346	2014	1900	1185	252	1901	1186	157	0	0	0	0	0	0	1	0	0	0	0	0	3	5	0	11	17	4	0	1.152062	1.598937	0

24	cushion_3_02	63	6	322	18	304	343	338	285	18	339	286	77	0	0	0	0	0	0	1	0	0	0	0	0	1	0	0	4	4	2	0	0.371563	0.448062	0

25	sector_02_02	3585	521	2318	319	1999	3354	3104	1804	319	3105	1805	5568	0	0	0	0	0	0	1	0	0	0	0	0	4	7	8	13	25	35	0	7.313937	12.730000	0

27	sector_07_11	2699	335	1592	158	1434	2415	2270	1329	158	2271	1330	4077	0	0	0	0	0	0	1	0	0	0	0	0	4	6	7	15	15	52	0	4.551687	7.539500	0

11	puck0088	145	17	1450	204	1246	2051	1935	1088	204	1936	1089	180	0	0	0	0	0	0	1	0	0	0	0	0	3	5	0	10	17	4	0	1.162500	1.743437	0

20	sector_02_13	3544	542	2315	273	2042	3420	3171	1841	273	3172	1842	5734	0	0	0	0	0	0	1	0	0	0	0	0	5	8	7	15	19	38	0	7.442437	12.586063	0

26	stdout	0	0	0	0	0	0	0	0	0	0	0	0	0	0	0	0	0	0	0	0	0	0	0	0	0	0	0	0	0	0	0	0.000000	0.000000	0

10	puck0100	112	16	1303	212	1091	1762	1671	976	212	1672	977	146	0	0	0	0	0	0	1	0	0	0	0	0	3	5	0	10	23	6	0	0.958188	1.437875	0

29	sector_01_00	3065	355	1830	184	1646	2622	2434	1459	184	2435	1460	4594	0	0	0	0	0	0	1	0	0	0	0	0	3	5	5	13	20	24	0	5.238562	8.510438	0

12	sector_03_11	4087	568	2505	343	2162	3830	3550	1947	343	3551	1948	6402	0	0	0	0	0	0	1	0	0	0	0	0	4	8	9	15	25	34	0	7.823062	13.690188	0

22	sector_07_03	2701	322	1686	172	1514	2521	2366	1380	172	2367	1381	4161	0	0	0	0	0	0	1	0	0	0	0	0	4	5	6	15	18	35	0	4.813688	7.990812	0

28	puck0089	116	3	1345	255	1090	1960	1810	963	255	1811	964	135	0	0	0	0	0	0	1	0	0	0	0	0	3	5	0	11	17	4	0	0.965062	1.479812	0

13	puck0045	127	9	1433	220	1213	1823	1702	1067	220	1703	1068	164	0	0	0	0	0	0	1	0	0	0	0	0	3	4	0	10	17	3	0	1.074938	1.493250	0

30	puck0085	116	17	1145	182	963	1472	1415	840	182	1416	841	161	0	0	0	0	0	0	1	0	0	0	0	0	3	4	0	13	18	6	0	0.907813	1.299688	0

14	puck0070	149	12	1359	204	1155	1604	1522	1006	204	1523	1007	170	0	0	0	0	0	0	1	0	0	0	0	0	3	5	0	10	23	4	0	0.986812	1.288125	0

1	stdout	0	0	0	0	0	0	0	0	0	0	0	0	0	0	0	0	0	0	0	0	0	0	0	0	0	0	0	0	0	0	0	0.000000	0.000000	0

3	sector_02_01	3724	540	2377	266	2111	3521	3256	1879	266	3257	1880	5913	0	0	0	0	0	0	1	0	0	0	0	0	4	8	8	14	26	43	0	7.709937	13.373313	0

2	sector_00_11	3145	365	1804	178	1626	2600	2471	1472	178	2472	1473	4799	0	0	0	0	0	0	1	0	0	0	0	0	4	6	8	13	26	61	0	5.087875	8.345125	0

5	puck0067	141	12	1518	239	1279	1981	1843	1113	239	1844	1114	189	0	0	0	0	0	0	1	0	0	0	0	0	3	5	0	9	18	3	0	1.085687	1.539187	0

4	stdout	0	0	0	0	0	0	0	0	0	0	0	0	0	0	0	0	0	0	0	0	0	0	0	0	0	0	0	0	0	0	0	0.000000	0.000000	0

17	stdout	0	0	0	0	0	0	0	0	0	0	0	0	0	0	0	0	0	0	0	0	0	0	0	0	0	0	0	0	0	0	0	0.000000	0.000000	0

15	puck0118	146	16	1406	229	1177	1967	1842	1058	229	1843	1059	176	0	0	0	0	0	0	1	0	0	0	0	0	3	5	0	10	14	4	0	1.095938	1.586437	0

7	sector_03_14	3989	464	2485	265	2220	3741	3462	2002	265	3463	2003	6275	0	0	0	0	0	0	1	0	0	0	0	0	4	8	8	16	21	42	0	8.167500	13.718000	0

16	sector_01_13	3429	413	2221	269	1952	3389	3226	1772	269	3227	1773	5377	0	0	0	0	0	0	1	0	0	0	0	0	6	9	11	21	22	43	0	7.131875	12.534437	0

31	stdout	0	0	0	0	0	0	0	0	0	0	0	0	0	0	0	0	0	0	0	0	0	0	0	0	0	0	0	0	0	0	0	0.000000	0.000000	0

9	stdout	0	0	0	0	0	0	0	0	0	0	0	0	0	0	0	0	0	0	0	0	0	0	0	0	0	0	0	0	0	0	0	0.000000	0.000000	0

8	sector_01_11	3252	424	2167	283	1884	3133	2923	1716	283	2924	1717	4886	0	0	0	0	0	0	1	0	0	0	0	0	4	8	7	14	30	39	0	6.904750	11.655375	0

23	sector_02_03	3791	454	2411	262	2149	3347	3121	1892	262	3122	1893	5735	0	0	0	0	0	0	1	0	0	0	0	0	4	8	7	14	24	43	0	7.707562	12.575062	0

6	cushion_2_07	131	5	330	10	320	335	332	298	10	333	299	147	0	0	0	0	0	0	1	0	0	0	0	0	1	0	0	4	4	3	0	0.445000	0.498813	0

19	puck0055	107	5	1330	240	1090	1700	1626	973	240	1627	974	121	0	0	0	0	0	0	1	0	0	0	0	0	3	5	0	16	18	3	0	1.014625	1.456750	0

21	sector_01_02	3423	464	2238	251	1987	3068	2847	1755	251	2848	1756	5080	0	0	0	0	0	0	1	0	0	0	0	0	4	7	7	15	30	39	0	7.139750	11.413687	0

18	puck0125	113	6	1391	205	1186	1890	1790	1065	205	1791	1066	139	0	0	0	0	0	0	1	0	0	0	0	0	3	5	0	12	16	6	0	1.027688	1.455375	0

25	cushion_1_09	56	4	333	18	315	354	351	302	18	352	303	62	0	0	0	0	0	0	1	0	0	0	0	0	1	0	0	5	5	5	0	0.374688	0.432563	0

22	stdout	0	0	0	0	0	0	0	0	0	0	0	0	0	0	0	0	0	0	0	0	0	0	0	0	0	0	0	0	0	0	0	0.000000	0.000000	0

27	sector_02_00	3073	272	1775	189	1586	2535	2362	1439	189	2363	1440	4651	0	0	0	0	0	0	1	0	0	0	0	0	4	5	6	13	19	35	0	5.146562	8.420625	0

20	sector_06_10	3896	543	2357	310	2047	3329	3085	1838	310	3086	1839	5686	0	0	0	0	0	0	1	0	0	0	0	0	5	8	9	17	23	45	0	7.393063	12.163813	0

11	puck0012	130	5	1320	214	1106	1697	1607	973	214	1608	974	149	0	0	0	0	0	0	1	0	0	0	0	0	3	5	0	11	17	3	0	1.015750	1.434250	0

24	sector_02_11	3191	469	2214	268	1946	3588	3345	1746	268	3346	1747	5054	0	0	0	0	0	0	1	0	0	0	0	0	4	7	8	17	27	47	0	7.120000	13.037375	0

29	sector_04_01	4066	720	2444	356	2088	3981	3677	1880	356	3678	1881	6551	0	0	0	0	0	0	1	0	0	0	0	0	5	9	10	15	22	41	0	7.595438	14.129625	0

12	stdout	0	0	0	0	0	0	0	0	0	0	0	0	0	0	0	0	0	0	0	0	0	0	0	0	0	0	0	0	0	0	0	0.000000	0.000000	0

10	stdout	0	0	0	0	0	0	0	0	0	0	0	0	0	0	0	0	0	0	0	0	0	0	0	0	0	0	0	0	0	0	0	0.000000	0.000000	0

13	sector_02_09	3896	557	2455	338	2117	3400	3132	1878	338	3133	1879	5667	0	0	0	0	0	0	1	0	0	0	0	0	4	8	8	12	22	48	0	7.594437	12.581750	0

26	puck0030	124	14	1361	209	1152	1962	1854	993	209	1855	994	146	0	0	0	0	0	0	1	0	0	0	0	0	3	5	0	11	21	6	0	1.095312	1.687000	0

28	puck0113	198	44	1508	237	1271	2205	2050	1084	237	2051	1085	254	0	0	0	0	0	0	1	0	0	0	0	0	3	5	0	10	16	4	0	1.138313	1.809187	0

14	sector_07_00	2389	217	1218	130	1088	1699	1588	999	130	1589	1000	3607	0	0	0	0	0	0	1	0	0	0	0	0	2	3	5	10	17	37	0	3.012375	4.678000	0

30	puck0082	137	13	1487	236	1251	1890	1772	1099	236	1773	1100	181	0	0	0	0	0	0	1	0	0	0	0	0	3	6	0	13	25	4	0	1.083438	1.500125	0

1	cushion_2_01	103	10	300	21	279	318	316	269	21	317	270	120	0	0	0	0	0	0	1	0	0	0	0	0	1	0	0	5	6	4	0	0.367125	0.445125	0

2	sector_04_02	3789	524	2387	326	2061	3671	3393	1859	326	3394	1860	6302	0	0	0	0	0	0	1	0	0	0	0	0	5	9	9	13	24	44	0	7.525750	13.497813	0

3	sector_01_09	3511	576	2290	303	1987	3472	3207	1807	303	3208	1808	5405	0	0	0	0	0	0	1	0	0	0	0	0	4	8	7	15	21	42	0	7.269438	12.462687	0

5	puck0037	150	13	1495	264	1231	1982	1858	1060	264	1859	1061	180	0	0	0	0	0	0	1	0	0	0	0	0	3	6	0	13	23	3	0	1.171563	1.690250	0

4	puck0092	144	24	1425	252	1173	1779	1688	1034	252	1689	1035	181	0	0	0	0	0	0	1	0	0	0	0	0	3	5	0	9	15	8	0	1.042750	1.484312	0

17	cushion_0_07	113	9	316	16	300	355	349	278	16	350	279	127	0	0	0	0	0	0	1	0	0	0	0	0	1	0	0	4	5	2	0	0.404875	0.501750	0

6	sector_02_14	3887	463	2397	292	2105	3492	3231	1898	292	3232	1899	5914	0	0	0	0	0	0	1	0	0	0	0	0	5	8	8	17	21	47	0	7.742250	12.971937	0

16	puck0078	109	13	1137	221	916	1716	1628	804	221	1629	805	145	0	0	0	0	0	0	1	0	0	0	0	0	3	5	0	10	15	6	0	0.894813	1.390688	0

7	stdout	0	0	0	0	0	0	0	0	0	0	0	0	0	0	0	0	0	0	0	0	0	0	0	0	0	0	0	0	0	0	0	0.000000	0.000000	0

15	stdout	0	0	0	0	0	0	0	0	0	0	0	0	0	0	0	0	0	0	0	0	0	0	0	0	0	0	0	0	0	0	0	0.000000	0.000000	0

9	puck0004	68	4	676	114	562	851	813	484	114	814	485	81	0	0	0	0	0	0	1	0	0	0	0	0	2	3	0	10	16	5	0	0.491938	0.719937	0

31	puck0087	114	7	1348	179	1169	1853	1764	1040	179	1765	1041	148	0	0	0	0	0	0	1	0	0	0	0	0	3	5	0	9	17	6	0	1.035000	1.488438	0

8	stdout	0	0	0	0	0	0	0	0	0	0	0	0	0	0	0	0	0	0	0	0	0	0	0	0	0	0	0	0	0	0	0	0.000000	0.000000	0

19	sector_04_07	4080	640	2513	348	2165	3992	3716	1956	348	3717	1957	6568	0	0	0	0	0	0	1	0	0	0	0	0	5	9	10	15	25	49	0	7.843375	14.355813	0

23	stdout	0	0	0	0	0	0	0	0	0	0	0	0	0	0	0	0	0	0	0	0	0	0	0	0	0	0	0	0	0	0	0	0.000000	0.000000	0

21	puck0114	164	14	1631	295	1336	2125	1971	1166	295	1972	1167	224	0	0	0	0	0	0	1	0	0	0	0	0	3	5	0	10	16	4	0	1.178688	1.703938	0

18	sector_00_08	3038	312	1770	197	1573	2439	2306	1446	197	2307	1447	4346	0	0	0	0	0	0	1	0	0	0	0	0	4	6	6	12	21	56	0	4.979750	7.722437	0

24	sector_04_00	2491	266	1642	169	1473	2330	2184	1355	169	2185	1356	3719	0	0	0	0	0	0	1	0	0	0	0	0	4	5	6	13	16	31	0	4.752750	7.501375	0

25	sector_04_03	3486	457	2365	285	2080	3619	3347	1868	285	3348	1869	5423	0	0	0	0	0	0	1	0	0	0	0	0	5	8	7	16	24	37	0	7.566500	13.102125	0

27	sector_03_01	3759	539	2377	329	2048	3686	3443	1859	329	3444	1860	5980	0	0	0	0	0	0	1	0	0	0	0	0	5	8	9	17	23	50	0	7.456313	13.193312	0

11	sector_04_08	3926	652	2593	367	2226	4094	3785	1972	367	3786	1973	6471	0	0	0	0	0	0	1	0	0	0	0	0	5	9	9	16	26	46	0	8.008313	14.899062	0

20	puck0062	153	13	1352	217	1135	1734	1613	966	217	1614	967	192	0	0	0	0	0	0	1	0	0	0	0	0	3	5	0	11	18	4	0	1.067375	1.524437	0

26	cushion_3_09	68	4	338	28	310	347	344	294	28	345	295	78	0	0	0	0	0	0	1	0	0	0	0	0	1	0	0	6	5	2	0	0.380063	0.449688	0

10	puck0081	123	6	1365	234	1131	1744	1635	989	234	1636	990	149	0	0	0	0	0	0	1	0	0	0	0	0	3	5	0	14	19	5	0	1.041937	1.431500	0

29	sector_01_03	3452	472	2216	265	1951	3384	3119	1743	265	3120	1744	5330	0	0	0	0	0	0	1	0	0	0	0	0	5	8	8	14	23	53	0	7.071875	12.150688	0

12	cushion_1_15	70	4	312	10	302	323	319	283	10	320	284	78	0	0	0	0	0	0	1	0	0	0	0	0	1	0	0	5	5	2	0	0.379688	0.424875	0

22	puck0110	125	13	1352	209	1143	1950	1830	1019	209	1831	1020	181	0	0	0	0	0	0	1	0	0	0	0	0	3	5	0	14	17	6	0	1.061000	1.580500	0

28	stdout	0	0	0	0	0	0	0	0	0	0	0	0	0	0	0	0	0	0	0	0	0	0	0	0	0	0	0	0	0	0	0	0.000000	0.000000	0

13	cushion_1_08	65	5	327	14	313	356	352	297	14	353	298	75	0	0	0	0	0	0	1	0	0	0	0	0	1	0	0	6	5	5	0	0.388000	0.458000	0

30	stdout	0	0	0	0	0	0	0	0	0	0	0	0	0	0	0	0	0	0	0	0	0	0	0	0	0	0	0	0	0	0	0	0.000000	0.000000	0

14	puck0102	108	6	1362	234	1128	1784	1676	1010	234	1677	1011	132	0	0	0	0	0	0	1	0	0	0	0	0	3	4	0	11	15	3	0	0.999875	1.425125	0

1	puck0048	98	1	1140	173	967	1487	1431	844	173	1432	845	124	0	0	0	0	0	0	1	0	0	0	0	0	3	5	0	12	17	5	0	0.932813	1.299250	0

3	cushion_3_04	49	1	321	15	306	336	334	288	15	335	289	53	0	0	0	0	0	0	1	0	0	0	0	0	1	0	0	4	4	1	0	0.363938	0.425250	0

2	cushion_1_00	66	4	327	15	312	363	357	291	15	358	292	79	0	0	0	0	0	0	1	0	0	0	0	0	1	0	0	7	6	2	0	0.379563	0.464875	0

5	puck0017	142	12	1289	196	1093	1685	1609	971	196	1610	972	181	0	0	0	0	0	0	1	0	0	0	0	0	3	5	0	13	18	5	0	1.065500	1.446750	0

4	sector_06_09	3646	527	2408	303	2105	3406	3157	1884	303	3158	1885	5709	0	0	0	0	0	0	1	0	0	0	0	0	4	8	8	14	23	37	0	7.623938	12.684875	0

17	puck0021	152	12	1498	192	1306	1797	1719	1145	192	1720	1146	195	0	0	0	0	0	0	1	0	0	0	0	0	3	5	0	9	14	5	0	1.162688	1.564125	0

15	cushion_0_04	96	8	290	14	276	310	308	264	14	309	265	103	0	0	0	0	0	0	1	0	0	0	0	0	1	0	0	4	3	1	0	0.370188	0.432625	0

7	puck0014	147	13	1528	258	1270	1940	1814	1108	258	1815	1109	186	0	0	0	0	0	0	1	0	0	0	0	0	3	6	0	13	19	3	0	1.149125	1.643438	0

16	stdout	0	0	0	0	0	0	0	0	0	0	0	0	0	0	0	0	0	0	0	0	0	0	0	0	0	0	0	0	0	0	0	0.000000	0.000000	0

31	sector_03_09	3957	709	2598	402	2196	4241	3904	1940	402	3905	1941	6732	0	0	0	0	0	0	1	0	0	0	0	0	5	9	9	16	25	38	0	7.909375	15.580250	0

9	cushion_2_04	122	10	343	29	314	359	351	291	29	352	292	146	0	0	0	0	0	0	1	0	0	0	0	0	1	0	0	5	6	2	0	0.430375	0.525750	0

8	cushion_3_13	67	7	338	27	311	353	349	293	27	350	294	79	0	0	0	0	0	0	1	0	0	0	0	0	1	1	0	4	5	6	0	0.382813	0.461313	0

23	cushion_1_03	43	3	290	13	277	306	305	263	13	306	264	48	0	0	0	0	0	0	1	0	0	0	0	0	1	0	0	6	5	2	0	0.322188	0.372812	0

6	puck0008	109	6	1126	166	960	1364	1308	841	166	1309	842	140	0	0	0	0	0	0	1	0	0	0	0	0	3	4	0	9	16	8	0	0.888250	1.189062	0

19	puck0019	113	11	1118	163	955	1432	1367	828	163	1368	829	131	0	0	0	0	0	0	1	0	0	0	0	0	3	5	0	10	18	4	0	0.912500	1.227313	0

21	puck0086	124	9	1487	244	1243	1855	1751	1085	244	1752	1086	164	0	0	0	0	0	0	1	0	0	0	0	0	3	5	0	11	19	7	0	1.095375	1.536437	0

18	puck0026	163	28	1371	240	1131	1654	1583	996	240	1584	997	210	0	0	0	0	0	0	1	0	0	0	0	0	3	5	0	10	16	6	0	1.012938	1.399000	0

25	cushion_1_01	61	3	297	12	285	306	301	271	12	302	272	65	0	0	0	0	0	0	1	0	0	0	0	0	1	0	0	4	4	2	0	0.349063	0.387937	0

22	cushion_1_14	51	3	320	26	294	344	339	278	26	340	279	60	0	0	0	0	0	0	1	0	0	0	0	0	1	0	0	4	4	2	0	0.355312	0.438812	0

27	sector_05_10	3973	751	2579	405	2174	4257	3893	1956	405	3894	1957	6705	0	0	0	0	0	0	1	0	0	0	0	0	5	9	10	15	24	40	0	7.923687	15.319688	0

20	cushion_3_12	62	5	311	16	295	341	332	277	16	333	278	94	0	0	0	0	0	0	1	0	0	0	0	0	1	0	0	4	5	2	0	0.360187	0.459813	0

11	stdout	0	0	0	0	0	0	0	0	0	0	0	0	0	0	0	0	0	0	0	0	0	0	0	0	0	0	0	0	0	0	0	0.000000	0.000000	0

24	stdout	0	0	0	0	0	0	0	0	0	0	0	0	0	0	0	0	0	0	0	0	0	0	0	0	0	0	0	0	0	0	0	0.000000	0.000000	0

29	sector_07_13	3285	486	1887	235	1652	2985	2795	1492	235	2796	1493	5279	0	0	0	0	0	0	1	0	0	0	0	0	4	6	7	13	21	42	0	5.187437	9.392938	0

12	puck0123	119	9	1464	265	1199	1869	1749	1041	265	1750	1042	155	0	0	0	0	0	0	1	0	0	0	0	0	3	5	0	12	17	5	0	1.077875	1.572375	0

10	puck0107	110	6	1200	173	1027	1645	1579	914	173	1580	915	157	0	0	0	0	0	0	1	0	0	0	0	0	3	5	0	11	21	6	0	0.969562	1.399563	0

13	sector_02_05	3648	581	2383	325	2058	3559	3322	1865	325	3323	1866	5902	0	0	0	0	0	0	1	0	0	0	0	0	4	8	8	15	26	53	0	7.479500	13.225750	0

26	sector_06_04	3710	593	2379	304	2075	3541	3297	1842	304	3298	1843	5781	0	0	0	0	0	0	1	0	0	0	0	0	5	8	9	20	31	54	0	7.491937	12.972250	0

28	puck0096	169	16	1422	230	1192	1968	1845	1031	230	1846	1032	221	0	0	0	0	0	0	1	0	0	0	0	0	3	5	0	12	22	8	0	1.078688	1.658000	0

14	sector_01_01	4001	495	2359	281	2078	3463	3197	1831	281	3198	1832	6148	0	0	0	0	0	0	1	0	0	0	0	0	4	8	7	15	28	61	0	7.528937	12.641063	0

30	cushion_1_12	54	3	311	9	302	322	321	288	9	322	289	61	0	0	0	0	0	0	1	0	0	0	0	0	1	0	0	5	4	3	0	0.368562	0.410375	0

1	puck0064	131	29	1369	251	1118	1948	1805	973	251	1806	974	175	0	0	0	0	0	0	1	0	0	0	0	0	3	5	0	11	28	4	0	0.926000	1.492250	0

2	sector_00_05	3383	479	1874	232	1642	2787	2603	1488	232	2604	1489	5385	0	0	0	0	0	0	1	0	0	0	0	0	4	6	8	12	20	44	0	5.233000	9.037437	0

3	puck0056	142	12	1482	232	1250	1986	1850	1079	232	1851	1080	190	0	0	0	0	0	0	1	0	0	0	0	0	3	5	0	10	16	4	0	1.151563	1.633000	0

5	cushion_3_10	44	4	285	15	270	303	298	263	15	299	264	49	0	0	0	0	0	0	1	0	0	0	0	0	1	0	0	5	4	2	0	0.322313	0.372000	0

4	cushion_1_06	71	1	335	21	314	348	345	298	21	346	299	88	0	0	0	0	0	0	1	0	0	0	0	0	1	0	0	5	6	4	0	0.386437	0.453000	0

17	sector_01_05	3759	397	2362	272	2090	3310	3092	1873	272	3093	1874	5583	0	0	0	0	0	0	1	0	0	0	0	0	4	8	7	17	21	36	0	7.612063	12.173312	0

6	puck0101	140	11	1454	242	1212	1808	1693	1062	242	1694	1063	171	0	0	0	0	0	0	1	0	0	0	0	0	3	5	0	11	16	4	0	1.075813	1.467750	0

16	puck0043	122	19	1356	242	1114	2252	2077	965	242	2078	966	161	0	0	0	0	0	0	1	0	0	0	0	0	4	5	0	11	15	4	0	0.962125	1.668750	0

7	puck0042	158	23	1506	229	1277	1799	1691	1115	229	1692	1116	194	0	0	0	0	0	0	1	0	0	0	0	0	3	5	0	13	19	8	0	1.140437	1.556938	0

15	puck0028	136	13	1433	210	1223	1990	1882	1058	210	1883	1059	194	0	0	0	0	0	0	1	0	0	0	0	0	3	5	0	11	17	5	0	1.091500	1.591625	0

9	sector_05_15	2975	402	1815	220	1595	2682	2508	1440	220	2509	1441	4463	0	0	0	0	0	0	1	0	0	0	0	0	4	5	6	13	22	44	0	5.128312	8.592438	0

31	sector_05_02	3472	478	2381	308	2073	3851	3550	1877	308	3551	1878	5318	0	0	0	0	0	0	1	0	0	0	0	0	5	8	8	12	20	37	0	7.603438	13.781750	0

8	cushion_3_00	64	5	315	15	300	364	354	278	15	355	279	86	0	0	0	0	0	0	1	0	0	0	0	0	1	0	0	5	5	2	0	0.368125	0.473625	0

19	sector_02_08	4019	612	2468	343	2125	3771	3462	1881	343	3463	1882	6340	0	0	0	0	0	0	1	0	0	0	0	0	5	9	9	13	27	59	0	7.639625	13.756125	0

23	puck0112	136	17	1420	204	1216	1926	1811	1075	204	1812	1076	176	0	0	0	0	0	0	1	0	0	0	0	0	3	5	0	10	17	7	0	1.049125	1.555687	0

21	stdout	0	0	0	0	0	0	0	0	0	0	0	0	0	0	0	0	0	0	0	0	0	0	0	0	0	0	0	0	0	0	0	0.000000	0.000000	0

18	stdout	0	0	0	0	0	0	0	0	0	0	0	0	0	0	0	0	0	0	0	0	0	0	0	0	0	0	0	0	0	0	0	0.000000	0.000000	0

24	cushion_3_15	49	3	330	10	320	348	345	298	10	346	299	56	0	0	0	0	0	0	1	0	0	0	0	0	1	0	0	4	4	2	0	0.373000	0.432813	0

25	puck0119	159	12	1408	185	1223	1712	1620	1081	185	1621	1082	200	0	0	0	0	0	0	1	0	0	0	0	0	3	5	0	10	19	6	0	1.133563	1.516312	0

27	stdout	0	0	0	0	0	0	0	0	0	0	0	0	0	0	0	0	0	0	0	0	0	0	0	0	0	0	0	0	0	0	0	0.000000	0.000000	0

11	cushion_2_05	140	20	343	31	312	373	366	295	31	367	296	160	0	0	0	0	0	0	1	0	0	0	0	0	1	0	0	5	5	3	0	0.428563	0.539562	0

20	stdout	0	0	0	0	0	0	0	0	0	0	0	0	0	0	0	0	0	0	0	0	0	0	0	0	0	0	0	0	0	0	0	0.000000	0.000000	0

26	puck0006	141	25	1231	202	1029	1743	1640	902	202	1641	903	185	0	0	0	0	0	0	1	0	0	0	0	0	3	5	0	11	14	9	0	0.963875	1.435500	0

10	cushion_1_10	76	3	369	17	352	388	385	326	17	386	327	92	0	0	0	0	0	0	1	0	0	0	0	0	1	1	0	4	4	2	0	0.429812	0.509062	0

29	puck0069	137	28	1209	209	1000	1693	1596	868	209	1597	869	188	0	0	0	0	0	0	1	0	0	0	0	0	3	5	0	11	19	6	0	0.955125	1.449313	0

12	cushion_1_13	51	2	313	13	300	327	324	283	13	325	284	56	0	0	0	0	0	0	1	0	0	0	0	0	1	0	0	5	5	2	0	0.362625	0.413625	0

22	puck0018	120	10	1370	201	1169	1877	1775	1025	201	1776	1026	164	0	0	0	0	0	0	1	0	0	0	0	0	4	5	0	14	18	4	0	1.044938	1.512250	0

28	sector_03_10	4266	708	2662	388	2274	4193	3840	1997	388	3841	1998	7147	0	0	0	0	0	0	1	0	0	0	0	0	5	9	10	15	30	56	0	8.164312	15.271125	0

13	puck0066	131	14	1408	238	1170	1777	1677	1022	238	1678	1023	160	0	0	0	0	0	0	1	0	0	0	0	0	3	5	0	11	19	5	0	1.078125	1.537125	0

30	puck0108	114	3	1528	231	1297	1964	1864	1146	231	1865	1147	138	0	0	0	0	0	0	1	0	0	0	0	0	3	5	0	11	21	3	0	1.118812	1.533500	0

1	puck0090	155	16	1363	230	1133	1846	1734	988	230	1735	989	185	0	0	0	0	0	0	1	0	0	0	0	0	3	5	0	10	14	4	0	1.064688	1.540437	0

14	puck0079	131	3	1292	182	1110	1712	1615	966	182	1616	967	159	0	0	0	0	0	0	1	0	0	0	0	0	3	4	0	7	17	4	0	0.980125	1.365125	0

3	stdout	0	0	0	0	0	0	0	0	0	0	0	0	0	0	0	0	0	0	0	0	0	0	0	0	0	0	0	0	0	0	0	0.000000	0.000000	0

2	puck0033	95	1	1254	188	1066	1641	1541	939	188	1542	940	116	0	0	0	0	0	0	1	0	0	0	0	0	3	5	0	9	15	3	0	0.913063	1.231313	0

5	sector_02_12	3425	422	2256	281	1975	3110	2918	1780	281	2919	1781	4938	0	0	0	0	0	0	1	0	0	0	0	0	4	8	7	16	22	41	0	7.255813	11.699500	0

4	puck0053	145	16	1318	202	1116	1674	1604	970	202	1605	971	198	0	0	0	0	0	0	1	0	0	0	0	0	3	5	0	9	13	7	0	1.068938	1.517625	0

17	sector_04_05	3755	511	2430	339	2091	3301	3072	1886	339	3073	1887	5755	0	0	0	0	0	0	1	0	0	0	0	0	4	9	8	15	23	53	0	7.606375	12.662250	0

15	puck0038	126	5	1513	205	1308	2109	1990	1160	205	1991	1161	151	0	0	0	0	0	0	1	0	0	0	0	0	3	5	0	12	14	4	0	1.164688	1.627937	0

7	puck0022	114	17	1339	190	1149	1586	1516	1016	190	1517	1017	138	0	0	0	0	0	0	1	0	0	0	0	0	3	5	0	10	17	3	0	1.011500	1.361813	0

16	puck0122	123	12	1443	237	1206	2335	2162	1059	237	2163	1060	161	0	0	0	0	0	0	1	0	0	0	0	0	4	5	0	12	16	4	0	1.043250	1.705375	0

31	cushion_0_01	138	13	356	26	330	385	383	306	26	384	307	159	0	0	0	0	0	0	1	0	0	0	0	0	1	0	0	4	4	4	0	0.443000	0.556125	0

9	sector_00_10	3484	372	1875	206	1669	2744	2570	1512	206	2571	1513	5222	0	0	0	0	0	0	1	0	0	0	0	0	4	7	8	14	18	35	0	5.284688	8.697437	0

8	puck0002	98	5	1210	164	1046	1488	1416	918	164	1417	919	117	0	0	0	0	0	0	1	0	0	0	0	0	3	4	0	12	17	3	0	0.923750	1.244875	0

23	cushion_3_14	87	7	351	17	334	374	372	319	17	373	320	105	0	0	0	0	0	0	1	0	0	0	0	0	1	0	0	6	5	2	0	0.427500	0.507813	0

6	sector_06_14	3774	517	2425	287	2138	3732	3451	1938	287	3452	1939	6054	0	0	0	0	0	0	1	0	0	0	0	0	4	8	9	13	25	46	0	7.794937	13.597625	0

19	stdout	0	0	0	0	0	0	0	0	0	0	0	0	0	0	0	0	0	0	0	0	0	0	0	0	0	0	0	0	0	0	0	0.000000	0.000000	0

21	puck0010	110	11	1290	206	1084	1653	1563	958	206	1564	959	139	0	0	0	0	0	0	1	0	0	0	0	0	3	5	0	15	18	5	0	1.000500	1.398937	0

18	cushion_1_05	80	6	354	27	327	384	380	311	27	381	312	95	0	0	0	0	0	0	1	0	0	0	0	0	1	1	0	5	5	2	0	0.413125	0.502062	0

25	stdout	0	0	0	0	0	0	0	0	0	0	0	0	0	0	0	0	0	0	0	0	0	0	0	0	0	0	0	0	0	0	0	0.000000	0.000000	0

22	puck0080	98	4	1387	214	1173	1823	1724	1056	214	1725	1057	124	0	0	0	0	0	0	1	0	0	0	0	0	3	5	0	10	19	3	0	0.955813	1.347813	0

27	cushion_2_03	138	13	340	18	322	377	372	304	18	373	305	157	0	0	0	0	0	0	1	0	0	0	0	0	1	0	0	4	3	3	0	0.441937	0.542687	0

20	cushion_0_03	113	9	318	17	301	339	337	285	17	338	286	133	0	0	0	0	0	0	1	0	0	0	0	0	1	0	0	4	3	3	0	0.408437	0.484375	0

11	sector_01_15	2554	302	1636	164	1472	2388	2260	1348	164	2261	1349	3969	0	0	0	0	0	0	1	0	0	0	0	0	4	5	6	13	17	48	0	4.748000	7.724437	0

24	puck0027	178	19	1538	231	1307	2309	2133	1106	231	2134	1107	250	0	0	0	0	0	0	1	0	0	0	0	0	3	5	0	10	17	8	0	1.200187	1.934313	0

29	puck0051	118	17	1121	153	968	1607	1535	863	153	1536	864	170	0	0	0	0	0	0	1	0	0	0	0	0	3	4	0	11	16	4	0	0.962688	1.436813	0

12	puck0126	126	4	1376	236	1140	1645	1550	989	236	1551	990	164	0	0	0	0	0	0	1	0	0	0	0	0	3	5	0	10	19	7	0	1.034063	1.386937	0

10	sector_04_09	4371	618	2680	365	2315	3965	3659	2039	365	3660	2040	6645	0	0	0	0	0	0	1	0	0	0	0	0	5	10	11	20	33	78	0	8.281750	14.408062	0

13	sector_03_15	2967	309	1776	181	1595	2566	2389	1451	181	2390	1452	4436	0	0	0	0	0	0	1	0	0	0	0	0	3	5	5	12	17	28	0	5.189500	8.358750	0

26	sector_07_05	2967	285	1782	168	1614	2404	2277	1471	168	2278	1472	4060	0	0	0	0	0	0	1	0	0	0	0	0	4	6	6	13	18	34	0	5.118750	7.730188	0

28	sector_05_03	3828	567	2387	307	2080	3832	3546	1878	307	3547	1879	6272	0	0	0	0	0	0	1	0	0	0	0	0	5	8	9	19	22	44	0	7.605875	13.974937	0

14	cushion_0_02	127	5	344	12	332	365	360	310	12	361	311	142	0	0	0	0	0	0	1	0	0	0	0	0	1	0	0	5	5	3	0	0.448375	0.517250	0

30	sector_03_08	3920	696	2515	394	2121	3925	3617	1885	394	3618	1886	6590	0	0	0	0	0	0	1	0	0	0	0	0	5	9	10	14	32	60	0	7.663312	14.425625	0

1	puck0049	130	17	1393	246	1147	1928	1823	994	246	1824	995	186	0	0	0	0	0	0	1	0	0	0	0	0	3	5	0	12	24	5	0	1.061000	1.622438	0

2	stdout	0	0	0	0	0	0	0	0	0	0	0	0	0	0	0	0	0	0	0	0	0	0	0	0	0	0	0	0	0	0	0	0.000000	0.000000	0

3	sector_02_15	2660	239	1657	150	1507	2290	2160	1397	150	2161	1398	3986	0	0	0	0	0	0	1	0	0	0	0	0	3	5	5	9	17	30	0	4.930750	7.695062	0

5	sector_03_13	3924	523	2458	304	2154	3511	3271	1958	304	3272	1959	5872	0	0	0	0	0	0	1	0	0	0	0	0	4	8	8	12	27	33	0	7.916313	13.203250	0

4	puck0034	132	13	1460	218	1242	1828	1735	1110	218	1736	1111	162	0	0	0	0	0	0	1	0	0	0	0	0	3	5	0	12	23	5	0	1.054875	1.470000	0

17	sector_05_13	4359	590	2632	347	2285	3801	3520	2035	347	3521	2036	6804	0	0	0	0	0	0	1	0	0	0	0	0	4	10	8	16	33	37	0	8.332750	14.368937	0

6	cushion_1_07	52	3	314	21	293	342	340	280	21	341	281	56	0	0	0	0	0	0	1	0	0	0	0	0	1	0	0	5	4	3	0	0.350188	0.422687	0

16	sector_00_15	2358	191	1206	127	1079	1584	1508	989	127	1509	990	3206	0	0	0	0	0	0	1	0	0	0	0	0	3	4	5	10	16	39	0	2.972062	4.344875	0

7	puck0039	152	4	1537	230	1307	1940	1836	1131	230	1837	1132	193	0	0	0	0	0	0	1	0	0	0	0	0	3	5	0	10	18	6	0	1.232625	1.690375	0

15	sector_00_00	2501	222	1248	114	1134	1817	1701	1035	114	1702	1036	4026	0	0	0	0	0	0	1	0	0	0	0	0	3	4	6	9	15	49	0	3.112687	5.069000	0

9	puck0073	159	14	1533	214	1319	2140	2020	1143	214	2021	1144	202	0	0	0	0	0	0	1	0	0	0	0	0	3	5	0	11	21	6	0	1.168875	1.693875	0

31	puck0059	135	18	1399	233	1166	1971	1859	1037	233	1860	1038	175	0	0	0	0	0	0	1	0	0	0	0	0	3	5	0	10	20	6	0	1.089500	1.616062	0

8	puck0124	143	12	1407	181	1226	1934	1815	1048	181	1816	1049	178	0	0	0	0	0	0	1	0	0	0	0	0	3	5	0	11	17	3	0	1.134937	1.652062	0

19	puck0024	127	15	1368	241	1127	1770	1663	972	241	1664	973	162	0	0	0	0	0	0	1	0	0	0	0	0	3	5	0	10	18	5	0	0.965750	1.408688	0

23	sector_04_15	3012	383	1838	213	1625	2608	2438	1466	213	2439	1467	4587	0	0	0	0	0	0	1	0	0	0	0	0	3	5	5	13	21	47	0	5.217000	8.538500	0

21	puck0120	130	9	1421	219	1202	1886	1787	1056	219	1788	1057	173	0	0	0	0	0	0	1	0	0	0	0	0	3	5	0	11	16	5	0	1.105625	1.615250	0

18	sector_04_10	4406	614	2693	363	2330	3911	3588	2056	363	3589	2057	6651	0	0	0	0	0	0	1	0	0	0	0	0	5	10	10	17	27	49	0	8.355187	14.306750	0

24	sector_02_04	3900	545	2433	295	2138	3564	3301	1898	295	3302	1899	5975	0	0	0	0	0	0	1	0	0	0	0	0	5	8	9	17	19	34	0	7.733688	13.115750	0

25	sector_03_00	2717	248	1656	134	1522	2283	2146	1392	134	2147	1393	3996	0	0	0	0	0	0	1	0	0	0	0	0	3	5	5	12	14	29	0	4.938813	7.496812	0

27	cushion_2_02	137	15	327	18	309	346	341	293	18	342	294	156	0	0	0	0	0	0	1	0	0	0	0	0	1	0	0	4	4	3	0	0.424313	0.500500	0

11	puck0001	158	26	1568	253	1315	2098	1943	1148	253	1944	1149	194	0	0	0	0	0	0	1	0	0	0	0	0	3	5	0	15	19	7	0	1.186937	1.679000	0

20	puck0093	110	14	1341	227	1114	1627	1536	975	227	1537	976	128	0	0	0	0	0	0	1	0	0	0	0	0	3	5	0	10	20	3	0	0.962500	1.350188	0

26	puck0020	133	16	1285	231	1054	1815	1714	920	231	1715	921	176	0	0	0	0	0	0	1	0	0	0	0	0	3	5	0	11	19	13	0	0.982563	1.474687	0

10	puck0041	136	16	1372	198	1174	1821	1706	1025	198	1707	1026	188	0	0	0	0	0	0	1	0	0	0	0	0	3	5	0	13	21	6	0	1.035250	1.491688	0

29	stdout	0	0	0	0	0	0	0	0	0	0	0	0	0	0	0	0	0	0	0	0	0	0	0	0	0	0	0	0	0	0	0	0.000000	0.000000	0

12	sector_05_09	3855	572	2483	334	2149	3646	3373	1934	334	3374	1935	6126	0	0	0	0	0	0	1	0	0	0	0	0	5	9	9	15	25	39	0	7.821937	13.643187	0

22	sector_04_04	3623	646	2409	323	2086	3874	3559	1871	323	3560	1872	6054	0	0	0	0	0	0	1	0	0	0	0	0	5	8	9	16	22	44	0	7.612312	14.353063	0

28	sector_00_04	2956	370	1719	198	1521	2448	2302	1398	198	2303	1399	4222	0	0	0	0	0	0	1	0	0	0	0	0	4	6	7	16	21	42	0	4.837313	7.669688	0

13	stdout	0	0	0	0	0	0	0	0	0	0	0	0	0	0	0	0	0	0	0	0	0	0	0	0	0	0	0	0	0	0	0	0.000000	0.000000	0

30	cushion_3_11	45	2	297	26	271	308	305	261	26	306	262	46	0	0	0	0	0	0	1	0	0	0	0	0	1	0	0	4	6	1	0	0.331813	0.381438	0

1	sector_00_14	3019	400	1744	188	1556	2615	2448	1407	188	2449	1408	4621	0	0	0	0	0	0	1	0	0	0	0	0	4	6	7	13	20	32	0	4.870438	8.147375	0

14	stdout	0	0	0	0	0	0	0	0	0	0	0	0	0	0	0	0	0	0	0	0	0	0	0	0	0	0	0	0	0	0	0	0.000000	0.000000	0

3	puck0103	117	17	1147	210	937	1290	1235	838	210	1236	839	151	0	0	0	0	0	0	1	0	0	0	0	0	3	4	0	8	12	7	0	0.884687	1.159812	0

2	puck0104	126	12	1355	222	1133	1839	1735	978	222	1736	979	167	0	0	0	0	0	0	1	0	0	0	0	0	3	5	0	13	16	4	0	0.981125	1.434375	0

5	sector_00_07	2982	361	1771	197	1574	2488	2366	1431	197	2367	1432	4474	0	0	0	0	0	0	1	0	0	0	0	0	3	6	6	11	20	45	0	5.011750	8.094563	0

4	cushion_1_11	59	4	336	18	318	367	366	301	18	367	302	67	0	0	0	0	0	0	1	0	0	0	0	0	1	1	0	8	8	3	0	0.383938	0.466563	0

17	sector_07_02	2953	295	1697	180	1517	2185	2059	1388	180	2060	1389	4018	0	0	0	0	0	0	1	0	0	0	0	0	3	5	5	19	18	38	0	4.893187	7.167250	0

15	sector_01_10	3484	581	2305	331	1974	3588	3321	1780	331	3322	1781	5671	0	0	0	0	0	0	1	0	0	0	0	0	4	7	8	16	28	61	0	7.190313	13.066125	0

7	cushion_3_01	53	2	297	23	274	319	316	266	23	317	267	61	0	0	0	0	0	0	1	0	0	0	0	0	1	0	0	6	6	3	0	0.331813	0.395875	0

16	sector_01_14	3578	539	2259	281	1978	3386	3197	1790	281	3198	1791	5667	0	0	0	0	0	0	1	0	0	0	0	0	5	9	11	17	25	47	0	7.219688	12.518937	0

31	puck0099	145	13	1399	207	1192	1863	1736	1034	207	1737	1035	189	0	0	0	0	0	0	1	0	0	0	0	0	3	5	0	10	15	5	0	1.102562	1.600437	0

9	sector_05_08	3638	559	2391	316	2075	4092	3794	1902	316	3795	1903	6098	0	0	0	0	0	0	1	0	0	0	0	0	5	8	9	15	23	53	0	7.658875	14.635750	0

8	sector_00_12	2914	270	1734	179	1555	2360	2233	1421	179	2234	1422	4130	0	0	0	0	0	0	1	0	0	0	0	0	4	7	7	13	23	41	0	4.944813	7.478313	0

23	puck0109	132	13	1283	209	1074	1567	1480	936	209	1481	937	173	0	0	0	0	0	0	1	0	0	0	0	0	3	5	0	14	19	6	0	1.012312	1.338437	0

6	sector_05_00	2658	261	1660	163	1497	2394	2239	1368	163	2240	1369	3884	0	0	0	0	0	0	1	0	0	0	0	0	3	5	5	12	19	31	0	4.811375	7.616375	0

19	cushion_2_06	113	8	319	14	305	337	331	288	14	332	289	124	0	0	0	0	0	0	1	0	0	0	0	0	1	0	0	6	6	4	0	0.408000	0.472438	0

21	sector_07_14	3219	297	1835	177	1658	2623	2468	1503	177	2469	1504	4615	0	0	0	0	0	0	1	0	0	0	0	0	4	6	7	16	20	44	0	5.259125	8.283875	0

18	puck0074	114	5	1406	203	1203	1806	1708	1064	203	1709	1065	143	0	0	0	0	0	0	1	0	0	0	0	0	3	5	0	11	17	3	0	1.059625	1.473125	0

25	puck0035	101	9	1442	206	1236	1783	1680	1100	206	1681	1101	120	0	0	0	0	0	0	1	0	0	0	0	0	3	5	0	10	15	4	0	1.019937	1.390375	0

22	sector_01_06	3806	587	2389	311	2078	3555	3327	1858	311	3328	1859	5853	0	0	0	0	0	0	1	0	0	0	0	0	5	9	9	17	24	44	0	7.497687	13.038625	0

27	puck0077	110	11	1181	215	966	1593	1501	843	215	1502	844	136	0	0	0	0	0	0	1	0	0	0	0	0	3	5	0	10	18	7	0	0.862187	1.258188	0

20	puck0052	99	11	1280	198	1082	1534	1463	976	198	1464	977	131	0	0	0	0	0	0	1	0	0	0	0	0	3	5	0	10	17	3	0	0.994687	1.351438	0

11	puck0116	120	6	1361	196	1165	1884	1786	1037	196	1787	1038	154	0	0	0	0	0	0	1	0	0	0	0	0	3	5	0	10	14	3	0	1.056188	1.521375	0

24	puck0025	133	15	1380	225	1155	1827	1705	1003	225	1706	1004	175	0	0	0	0	0	0	1	0	0	0	0	0	3	5	0	13	23	4	0	1.042250	1.495062	0

29	cushion_2_00	110	6	312	10	302	336	331	283	10	332	284	125	0	0	0	0	0	0	1	0	0	0	0	0	1	0	0	4	5	3	0	0.404188	0.475625	0

12	puck0003	117	4	1307	189	1118	1487	1436	999	189	1437	1000	141	0	0	0	0	0	0	1	0	0	0	0	0	3	5	0	9	14	6	0	0.996562	1.259875	0

10	sector_00_09	3242	416	1860	223	1637	2701	2520	1498	223	2521	1499	4869	0	0	0	0	0	0	1	0	0	0	0	0	4	6	7	12	21	48	0	5.198812	8.750375	0

13	puck0068	134	6	1432	237	1195	1701	1611	1057	237	1612	1058	153	0	0	0	0	0	0	1	0	0	0	0	0	3	5	0	12	19	3	0	1.017562	1.349875	0

26	sector_07_07	3294	369	1917	190	1727	2787	2630	1568	190	2631	1569	5022	0	0	0	0	0	0	1	0	0	0	0	0	4	7	8	11	20	54	0	5.472750	8.984813	0

28	cushion_1_04	58	3	318	21	297	336	335	281	21	336	282	62	0	0	0	0	0	0	1	0	0	0	0	0	1	0	0	5	5	4	0	0.357250	0.421625	0

14	sector_04_13	3898	549	2549	315	2234	3763	3523	2002	315	3524	2003	6142	0	0	0	0	0	0	1	0	0	0	0	0	4	9	8	14	22	42	0	8.080063	13.822563	0

30	sector_06_15	2843	288	1753	183	1570	2331	2209	1421	183	2210	1422	4158	0	0	0	0	0	0	1	0	0	0	0	0	3	6	6	11	19	56	0	5.064312	7.791875	0

1	sector_00_02	2551	274	1567	174	1393	2359	2217	1293	174	2218	1294	3890	0	0	0	0	0	0	1	0	0	0	0	0	3	5	5	11	16	33	0	4.481375	7.423250	0

2	puck0046	138	17	1499	212	1287	2100	1968	1137	212	1969	1138	174	0	0	0	0	0	0	1	0	0	0	0	0	3	5	0	10	18	4	0	1.141625	1.649000	0

3	puck0015	127	8	1592	236	1356	1971	1863	1214	236	1864	1215	154	0	0	0	0	0	0	1	0	0	0	0	0	3	5	0	12	20	6	0	1.101375	1.504563	0

5	cushion_3_03	55	5	291	19	272	305	304	261	19	305	262	65	0	0	0	0	0	0	1	0	0	0	0	0	1	0	0	5	4	3	0	0.332375	0.395437	0

4	sector_06_11	3481	484	2314	291	2023	3285	3063	1829	291	3064	1830	5093	0	0	0	0	0	0	1	0	0	0	0	0	4	8	8	16	20	39	0	7.369313	12.183000	0

17	cushion_3_08	67	3	356	16	340	367	366	319	16	367	320	76	0	0	0	0	0	0	1	0	0	0	0	0	1	0	0	5	6	3	0	0.414562	0.477000	0

6	puck0054	103	12	1197	203	994	1381	1321	904	203	1322	905	121	0	0	0	0	0	0	1	0	0	0	0	0	3	5	0	11	14	4	0	0.869125	1.154813	0

16	puck0050	146	30	1395	209	1186	2279	2161	1046	209	2162	1047	197	0	0	0	0	0	0	1	0	0	0	0	0	4	5	0	11	14	3	0	1.054312	1.682000	0

7	sector_03_02	3578	545	2353	277	2076	3421	3182	1870	277	3183	1871	5433	0	0	0	0	0	0	1	0	0	0	0	0	4	9	7	11	22	51	0	7.603937	12.880375	0

15	puck0091	123	10	1247	202	1045	1595	1495	924	202	1496	925	155	0	0	0	0	0	0	1	0	0	0	0	0	3	4	0	9	14	4	0	0.949625	1.302188	0

9	puck0106	131	14	1348	183	1165	2066	1922	1014	183	1923	1015	157	0	0	0	0	0	0	1	0	0	0	0	0	3	5	0	12	16	11	0	1.016563	1.556625	0

31	puck0007	150	9	1613	259	1354	2193	2043	1173	259	2044	1174	190	0	0	0	0	0	0	1	0	0	0	0	0	4	5	0	17	24	5	0	1.161875	1.676563	0

8	puck0016	127	13	1318	213	1105	1793	1707	987	213	1708	988	170	0	0	0	0	0	0	1	0	0	0	0	0	3	5	0	11	16	5	0	1.082125	1.599813	0

19	sector_07_15	2471	142	1256	84	1172	1713	1621	1079	84	1622	1080	3503	0	0	0	0	0	0	1	0	0	0	0	0	3	4	5	10	18	27	0	3.238062	4.754187	0

23	puck0013	83	5	1429	261	1168	1707	1588	1042	261	1589	1043	96	0	0	0	0	0	0	1	0	0	0	0	0	3	5	0	12	15	4	0	0.965188	1.296000	0

21	cushion_1_02	40	0	272	9	263	276	274	252	9	275	253	43	0	0	0	0	0	0	1	0	0	0	0	0	1	0	0	4	4	1	0	0.309750	0.333188	0

18	sector_02_10	3595	475	2301	280	2021	3089	2897	1803	280	2898	1804	4882	0	0	0	0	0	0	1	0	0	0	0	0	4	8	7	14	37	48	0	7.337625	11.267812	0

24	puck0072	116	12	1321	208	1113	1702	1593	980	208	1594	981	133	0	0	0	0	0	0	1	0	0	0	0	0	3	5	0	10	19	6	0	0.962437	1.314375	0

25	puck0084	141	13	1458	273	1185	1911	1786	1041	273	1787	1042	193	0	0	0	0	0	0	1	0	0	0	0	0	3	5	0	10	15	6	0	1.109563	1.609312	0

27	puck0029	119	8	1326	200	1126	1873	1779	996	200	1780	997	144	0	0	0	0	0	0	1	0	0	0	0	0	3	5	0	9	15	4	0	1.001937	1.452063	0

11	sector_06_12	3711	523	2351	290	2061	3568	3328	1870	290	3329	1871	5989	0	0	0	0	0	0	1	0	0	0	0	0	4	8	8	13	24	37	0	7.536125	13.401625	0

20	puck0044	118	21	1274	216	1058	1667	1580	924	216	1581	925	163	0	0	0	0	0	0	1	0	0	0	0	0	3	5	0	14	20	4	0	0.919937	1.402813	0

26	puck0097	142	21	1355	215	1140	1951	1819	989	215	1820	990	179	0	0	0	0	0	0	1	0	0	0	0	0	3	5	0	10	14	3	0	1.059375	1.594125	0

10	sector_04_11	3975	632	2589	351	2238	3894	3576	1987	351	3577	1988	6070	0	0	0	0	0	0	1	0	0	0	0	0	5	8	7	15	31	75	0	8.096813	14.410937	0

29	puck0071	125	12	1303	187	1116	1785	1666	967	187	1667	968	159	0	0	0	0	0	0	1	0	0	0	0	0	3	5	0	8	20	3	0	0.980813	1.439812	0

12	puck0031	117	9	1199	174	1025	1533	1446	907	174	1447	908	152	0	0	0	0	0	0	1	0	0	0	0	0	3	5	0	11	17	6	0	0.911063	1.295750	0

22	sector_01_07	3726	573	2361	325	2036	3388	3184	1813	325	3185	1814	5733	0	0	0	0	0	0	1	0	0	0	0	0	5	8	10	18	20	39	0	7.381938	12.664375	0

28	puck0083	123	17	1226	199	1027	1580	1495	908	199	1496	909	168	0	0	0	0	0	0	1	0	0	0	0	0	3	5	0	8	15	3	0	0.935375	1.344437	0

13	puck0009	110	3	1443	214	1229	1986	1866	1074	214	1867	1075	141	0	0	0	0	0	0	1	0	0	0	0	0	3	5	0	12	15	3	0	1.066875	1.559813	0

30	sector_05_14	4405	723	2671	369	2302	3980	3655	2026	369	3656	2027	6865	0	0	0	0	0	0	1	0	0	0	0	0	4	9	9	14	29	53	0	8.282438	14.260750	0
Node 1: Cache Probes 27801, Cache Hits 27566, Cache Misses 235 Hit Ratio 99.15 percent

14	sector_04_14	4308	631	2640	371	2269	3718	3447	2025	371	3448	2026	6352	0	0	0	0	0	0	1	0	0	0	0	0	5	8	9	15	22	47	0	8.192000	13.754437	0

3	sector_04_12	3866	591	2502	342	2160	3701	3433	1939	342	3434	1940	5921	0	0	0	0	0	0	1	0	0	0	0	0	4	8	7	12	24	31	0	7.891125	13.595500	0
Node 2: Cache Probes 28839, Cache Hits 28597, Cache Misses 242 Hit Ratio 99.16 percent

5	sector_05_07	3714	523	2441	325	2116	3689	3428	1917	325	3429	1918	5521	0	0	0	0	0	0	1	0	0	0	0	0	5	8	7	14	23	35	0	7.821375	13.420625	0

4	sector_07_01	2694	307	1682	154	1528	2318	2184	1392	154	2185	1393	3817	0	0	0	0	0	0	1	0	0	0	0	0	3	5	5	12	18	52	0	4.842688	7.397750	0

17	puck0105	114	9	1295	177	1118	1576	1499	998	177	1500	999	132	0	0	0	0	0	0	1	0	0	0	0	0	3	5	0	11	14	4	0	1.023187	1.326313	0
Node 15: Cache Probes 28910, Cache Hits 28667, Cache Misses 243 Hit Ratio 99.16 percent

7	sector_06_08	3777	460	2411	288	2123	3424	3169	1907	288	3170	1908	5885	0	0	0	0	0	0	1	0	0	0	0	0	4	8	8	17	28	50	0	7.745875	13.037625	0
Node 16: Cache Probes 25403, Cache Hits 25173, Cache Misses 230 Hit Ratio 99.09 percent
Node 31: Cache Probes 28591, Cache Hits 28352, Cache Misses 239 Hit Ratio 99.16 percent
Node 9: Cache Probes 28168, Cache Hits 27924, Cache Misses 244 Hit Ratio 99.13 percent

8	sector_06_05	3574	514	2334	305	2029	3593	3329	1833	305	3330	1834	5633	0	0	0	0	0	0	1	0	0	0	0	0	5	8	9	16	26	49	0	7.376000	12.865500	0

23	sector_03_04	3943	457	2490	310	2180	3466	3207	1940	310	3208	1941	5702	0	0	0	0	0	0	1	0	0	0	0	0	5	8	7	18	25	52	0	7.880625	12.823000	0

6	sector_05_05	3682	648	2409	334	2075	3636	3368	1867	334	3369	1868	5646	0	0	0	0	0	0	1	0	0	0	0	0	4	8	8	17	25	35	0	7.558750	13.259313	0
Node 19: Cache Probes 29107, Cache Hits 28870, Cache Misses 237 Hit Ratio 99.19 percent

21	sector_03_03	4047	517	2468	302	2166	3571	3326	1925	302	3327	1926	6284	0	0	0	0	0	0	1	0	0	0	0	0	4	8	8	14	23	44	0	7.840187	13.119250	0
Node 18: Cache Probes 30067, Cache Hits 29833, Cache Misses 234 Hit Ratio 99.22 percent

25	sector_06_13	3978	579	2526	348	2178	3711	3423	1959	348	3424	1960	6246	0	0	0	0	0	0	1	0	0	0	0	0	5	8	8	16	25	38	0	7.913062	13.707437	0
Node 22: Cache Probes 27777, Cache Hits 27547, Cache Misses 230 Hit Ratio 99.17 percent

27	puck0117	129	28	1247	210	1037	1825	1733	939	210	1734	940	157	0	0	0	0	0	0	1	0	0	0	0	0	3	6	0	11	17	8	0	1.005375	1.484875	0

20	sector_06_00	3040	326	1758	175	1583	2370	2219	1416	175	2220	1417	4221	0	0	0	0	0	0	1	0	0	0	0	0	3	5	5	11	19	31	0	5.069250	7.724812	0
Node 11: Cache Probes 28447, Cache Hits 28202, Cache Misses 245 Hit Ratio 99.14 percent

24	sector_01_04	3417	463	2268	270	1998	3330	3120	1801	270	3121	1802	5351	0	0	0	0	0	0	1	0	0	0	0	0	5	8	9	17	23	42	0	7.329937	12.591625	0
Node 29: Cache Probes 28024, Cache Hits 27795, Cache Misses 229 Hit Ratio 99.18 percent

12	sector_00_13	2923	300	1698	174	1524	2227	2104	1394	174	2105	1395	3967	0	0	0	0	0	0	1	0	0	0	0	0	4	6	7	14	21	40	0	4.830500	7.280938	0
Node 10: Cache Probes 28944, Cache Hits 28709, Cache Misses 235 Hit Ratio 99.19 percent

13	cushion_0_06	133	14	344	22	322	361	355	300	22	356	301	151	0	0	0	0	0	0	1	0	0	0	0	0	1	0	0	4	3	3	0	0.437375	0.522938	0
Node 26: Cache Probes 28461, Cache Hits 28232, Cache Misses 229 Hit Ratio 99.20 percent
Node 28: Cache Probes 28656, Cache Hits 28419, Cache Misses 237 Hit Ratio 99.17 percent
Node 14: Cache Probes 28662, Cache Hits 28420, Cache Misses 242 Hit Ratio 99.16 percent

30	puck0058	111	12	1307	227	1080	1730	1615	951	227	1616	952	145	0	0	0	0	0	0	1	0	0	0	0	0	3	6	0	8	22	4	0	1.010000	1.390313	0
Migration Count Node 1: Migrations In 0, Migrations Out 0, Routing Faults 0, States Out 0, States In 0, States Not Sent 0
Migration Count Node 2: Migrations In 0, Migrations Out 0, Routing Faults 0, States Out 0, States In 0, States Not Sent 0
Node 3: Cache Probes 29167, Cache Hits 28933, Cache Misses 234 Hit Ratio 99.20 percent
Node 5: Cache Probes 29211, Cache Hits 28971, Cache Misses 240 Hit Ratio 99.18 percent
Node 4: Cache Probes 29644, Cache Hits 29410, Cache Misses 234 Hit Ratio 99.21 percent
Node 17: Cache Probes 30724, Cache Hits 30487, Cache Misses 237 Hit Ratio 99.23 percent
Node 6: Cache Probes 29028, Cache Hits 28792, Cache Misses 236 Hit Ratio 99.19 percent
Migration Count Node 16: Migrations In 0, Migrations Out 0, Routing Faults 0, States Out 0, States In 0, States Not Sent 0
Node 7: Cache Probes 29804, Cache Hits 29562, Cache Misses 242 Hit Ratio 99.19 percent
Migration Count Node 9: Migrations In 0, Migrations Out 0, Routing Faults 0, States Out 0, States In 0, States Not Sent 0
Migration Count Node 15: Migrations In 0, Migrations Out 0, Routing Faults 0, States Out 0, States In 0, States Not Sent 0
Migration Count Node 31: Migrations In 0, Migrations Out 0, Routing Faults 0, States Out 0, States In 0, States Not Sent 0
Node 8: Cache Probes 28334, Cache Hits 28100, Cache Misses 234 Hit Ratio 99.17 percent
Migration Count Node 19: Migrations In 0, Migrations Out 0, Routing Faults 0, States Out 0, States In 0, States Not Sent 0
Node 23: Cache Probes 29870, Cache Hits 29639, Cache Misses 231 Hit Ratio 99.23 percent
Node 21: Cache Probes 29422, Cache Hits 29183, Cache Misses 239 Hit Ratio 99.19 percent
Migration Count Node 18: Migrations In 0, Migrations Out 0, Routing Faults 0, States Out 0, States In 0, States Not Sent 0
Node 24: Cache Probes 27474, Cache Hits 27235, Cache Misses 239 Hit Ratio 99.13 percent
Node 25: Cache Probes 29186, Cache Hits 28947, Cache Misses 239 Hit Ratio 99.18 percent
Node 27: Cache Probes 27951, Cache Hits 27718, Cache Misses 233 Hit Ratio 99.17 percent
Migration Count Node 11: Migrations In 0, Migrations Out 0, Routing Faults 0, States Out 0, States In 0, States Not Sent 0
Node 20: Cache Probes 29570, Cache Hits 29330, Cache Misses 240 Hit Ratio 99.19 percent
Migration Count Node 26: Migrations In 0, Migrations Out 0, Routing Faults 0, States Out 0, States In 0, States Not Sent 0
Migration Count Node 10: Migrations In 0, Migrations Out 0, Routing Faults 0, States Out 0, States In 0, States Not Sent 0
Migration Count Node 29: Migrations In 0, Migrations Out 0, Routing Faults 0, States Out 0, States In 0, States Not Sent 0
Node 12: Cache Probes 29345, Cache Hits 29107, Cache Misses 238 Hit Ratio 99.19 percent
Migration Count Node 22: Migrations In 0, Migrations Out 0, Routing Faults 0, States Out 0, States In 0, States Not Sent 0
Migration Count Node 28: Migrations In 0, Migrations Out 0, Routing Faults 0, States Out 0, States In 0, States Not Sent 0
Node 13: Cache Probes 29496, Cache Hits 29257, Cache Misses 239 Hit Ratio 99.19 percent
Load Stats: Cycles 0, Imbalances 0, Phase Not Chosen 0
Node 30: Cache Probes 29407, Cache Hits 29170, Cache Misses 237 Hit Ratio 99.19 percent
Migration Count Node 14: Migrations In 0, Migrations Out 0, Routing Faults 0, States Out 0, States In 0, States Not Sent 0
Migration Count Node 3: Migrations In 0, Migrations Out 0, Routing Faults 0, States Out 0, States In 0, States Not Sent 0
Load Stats: Cycles 0, Imbalances 0, Phase Not Chosen 0
Migration Count Node 5: Migrations In 0, Migrations Out 0, Routing Faults 0, States Out 0, States In 0, States Not Sent 0
Migration Count Node 4: Migrations In 0, Migrations Out 0, Routing Faults 0, States Out 0, States In 0, States Not Sent 0
Migration Count Node 17: Migrations In 0, Migrations Out 0, Routing Faults 0, States Out 0, States In 0, States Not Sent 0
Load Stats: Cycles 0, Imbalances 0, Phase Not Chosen 0
Migration Count Node 7: Migrations In 0, Migrations Out 0, Routing Faults 0, States Out 0, States In 0, States Not Sent 0
Load Stats: Cycles 0, Imbalances 0, Phase Not Chosen 0
Load Stats: Cycles 0, Imbalances 0, Phase Not Chosen 0
Load Stats: Cycles 0, Imbalances 0, Phase Not Chosen 0
Migration Count Node 8: Migrations In 0, Migrations Out 0, Routing Faults 0, States Out 0, States In 0, States Not Sent 0
Migration Count Node 23: Migrations In 0, Migrations Out 0, Routing Faults 0, States Out 0, States In 0, States Not Sent 0
Migration Count Node 6: Migrations In 0, Migrations Out 0, Routing Faults 0, States Out 0, States In 0, States Not Sent 0
Load Stats: Cycles 0, Imbalances 0, Phase Not Chosen 0
Migration Count Node 21: Migrations In 0, Migrations Out 0, Routing Faults 0, States Out 0, States In 0, States Not Sent 0
Load Stats: Cycles 0, Imbalances 0, Phase Not Chosen 0
Migration Count Node 25: Migrations In 0, Migrations Out 0, Routing Faults 0, States Out 0, States In 0, States Not Sent 0
Load Stats: Cycles 0, Imbalances 0, Phase Not Chosen 0
Migration Count Node 27: Migrations In 0, Migrations Out 0, Routing Faults 0, States Out 0, States In 0, States Not Sent 0
Migration Count Node 20: Migrations In 0, Migrations Out 0, Routing Faults 0, States Out 0, States In 0, States Not Sent 0
Load Stats: Cycles 0, Imbalances 0, Phase Not Chosen 0
Migration Count Node 24: Migrations In 0, Migrations Out 0, Routing Faults 0, States Out 0, States In 0, States Not Sent 0
Load Stats: Cycles 0, Imbalances 0, Phase Not Chosen 0
Migration Count Node 12: Migrations In 0, Migrations Out 0, Routing Faults 0, States Out 0, States In 0, States Not Sent 0
Load Stats: Cycles 0, Imbalances 0, Phase Not Chosen 0
Migration Count Node 13: Migrations In 0, Migrations Out 0, Routing Faults 0, States Out 0, States In 0, States Not Sent 0
Load Stats: Cycles 0, Imbalances 0, Phase Not Chosen 0
Load Stats: Cycles 0, Imbalances 0, Phase Not Chosen 0
Load Stats: Cycles 0, Imbalances 0, Phase Not Chosen 0
Migration Count Node 30: Migrations In 0, Migrations Out 0, Routing Faults 0, States Out 0, States In 0, States Not Sent 0
Page Fault Node	1:	0
Page Fault Node	2:	0
Load Stats: Cycles 0, Imbalances 0, Phase Not Chosen 0
Load Stats: Cycles 0, Imbalances 0, Phase Not Chosen 0
Load Stats: Cycles 0, Imbalances 0, Phase Not Chosen 0
Load Stats: Cycles 0, Imbalances 0, Phase Not Chosen 0
Load Stats: Cycles 0, Imbalances 0, Phase Not Chosen 0
Page Fault Node	16:	0
Load Stats: Cycles 0, Imbalances 0, Phase Not Chosen 0
Page Fault Node	9:	0
Page Fault Node	15:	0
Page Fault Node	31:	0
Load Stats: Cycles 0, Imbalances 0, Phase Not Chosen 0
Page Fault Node	19:	0
Load Stats: Cycles 0, Imbalances 0, Phase Not Chosen 0
Load Stats: Cycles 0, Imbalances 0, Phase Not Chosen 0
Page Fault Node	18:	0
Load Stats: Cycles 0, Imbalances 0, Phase Not Chosen 0
Load Stats: Cycles 0, Imbalances 0, Phase Not Chosen 0
Load Stats: Cycles 0, Imbalances 0, Phase Not Chosen 0
Page Fault Node	11:	0
Load Stats: Cycles 0, Imbalances 0, Phase Not Chosen 0
Page Fault Node	26:	0
Page Fault Node	10:	0
Page Fault Node	29:	0
Load Stats: Cycles 0, Imbalances 0, Phase Not Chosen 0
Page Fault Node	22:	0
Page Fault Node	28:	0
Load Stats: Cycles 0, Imbalances 0, Phase Not Chosen 0
TW node	1	Cluster node	1	Mach node	18	Physical node	0xffffdc80
Load Stats: Cycles 0, Imbalances 0, Phase Not Chosen 0
Page Fault Node	14:	0
Page Fault Node	3:	0
TW node	2	Cluster node	2	Mach node	194	Physical node	0xffffdc80
Page Fault Node	5:	0
Page Fault Node	4:	0
Page Fault Node	17:	0
TW node	15	Cluster node	15	Mach node	246	Physical node	0xffffdc80
Page Fault Node	7:	0
TW node	16	Cluster node	16	Mach node	52	Physical node	0xffffdc80
TW node	31	Cluster node	31	Mach node	38	Physical node	0xffffdc80
TW node	9	Cluster node	9	Mach node	162	Physical node	0xffffdc80
Page Fault Node	8:	0
Page Fault Node	23:	0
Page Fault Node	6:	0
TW node	19	Cluster node	19	Mach node	208	Physical node	0xffffdc80
Page Fault Node	21:	0
TW node	18	Cluster node	18	Mach node	204	Physical node	0xffffdc80
Page Fault Node	25:	0
TW node	22	Cluster node	22	Mach node	214	Physical node	0xffffdc80
Page Fault Node	27:	0
Page Fault Node	20:	0
TW node	11	Cluster node	11	Mach node	168	Physical node	0xffffdc80
Page Fault Node	24:	0
TW node	29	Cluster node	29	Mach node	48	Physical node	0xffffdc80
Page Fault Node	12:	0
TW node	10	Cluster node	10	Mach node	164	Physical node	0xffffdc80
Page Fault Node	13:	0
TW node	26	Cluster node	26	Mach node	244	Physical node	0xffffdc80
TW node	28	Cluster node	28	Mach node	50	Physical node	0xffffdc80
TW node	14	Cluster node	14	Mach node	196	Physical node	0xffffdc80
Page Fault Node	30:	0
Node 1: max msg buffs allocated to free pool = 500
Node 2: max msg buffs allocated to free pool = 500
TW node	3	Cluster node	3	Mach node	22	Physical node	0xffffdc80
TW node	5	Cluster node	5	Mach node	200	Physical node	0xffffdc80
TW node	4	Cluster node	4	Mach node	24	Physical node	0xffffdc80
TW node	17	Cluster node	17	Mach node	112	Physical node	0xffffdc80
TW node	6	Cluster node	6	Mach node	28	Physical node	0xffffdc80
Node 16: max msg buffs allocated to free pool = 500
TW node	7	Cluster node	7	Mach node	160	Physical node	0xffffdc80
Node 9: max msg buffs allocated to free pool = 500
Node 15: max msg buffs allocated to free pool = 500
Node 31: max msg buffs allocated to free pool = 500
TW node	8	Cluster node	8	Mach node	152	Physical node	0xffffdc80
Node 19: max msg buffs allocated to free pool = 500
TW node	23	Cluster node	23	Mach node	216	Physical node	0xffffdc80
TW node	21	Cluster node	21	Mach node	212	Physical node	0xffffdc80
Node 18: max msg buffs allocated to free pool = 500
TW node	24	Cluster node	24	Mach node	220	Physical node	0xffffdc80
TW node	25	Cluster node	25	Mach node	144	Physical node	0xffffdc80
TW node	27	Cluster node	27	Mach node	188	Physical node	0xffffdc80
Node 11: max msg buffs allocated to free pool = 500
TW node	20	Cluster node	20	Mach node	210	Physical node	0xffffdc80
Node 26: max msg buffs allocated to free pool = 500
Node 10: max msg buffs allocated to free pool = 500
Node 29: max msg buffs allocated to free pool = 500
TW node	12	Cluster node	12	Mach node	176	Physical node	0xffffdc80
Node 22: max msg buffs allocated to free pool = 500
Node 28: max msg buffs allocated to free pool = 500
TW node	13	Cluster node	13	Mach node	124	Physical node	0xffffdc80
Node 1: num msg buffs released from free pool = 0
TW node	30	Cluster node	30	Mach node	44	Physical node	0xffffdc80
Node 14: max msg buffs allocated to free pool = 500
Node 3: max msg buffs allocated to free pool = 500
Node 2: num msg buffs released from free pool = 0
Node 5: max msg buffs allocated to free pool = 500
Node 4: max msg buffs allocated to free pool = 500
Node 17: max msg buffs allocated to free pool = 500
Node 15: num msg buffs released from free pool = 0
Node 7: max msg buffs allocated to free pool = 500
Node 16: num msg buffs released from free pool = 0
Node 31: num msg buffs released from free pool = 0
Node 9: num msg buffs released from free pool = 0
Node 8: max msg buffs allocated to free pool = 500
Node 23: max msg buffs allocated to free pool = 500
Node 6: max msg buffs allocated to free pool = 500
Node 19: num msg buffs released from free pool = 0
Node 21: max msg buffs allocated to free pool = 500
Node 18: num msg buffs released from free pool = 0
Node 25: max msg buffs allocated to free pool = 500
Node 22: num msg buffs released from free pool = 0
Node 27: max msg buffs allocated to free pool = 500
Node 20: max msg buffs allocated to free pool = 500
Node 11: num msg buffs released from free pool = 0
Node 24: max msg buffs allocated to free pool = 500
Node 29: num msg buffs released from free pool = 0
Node 12: max msg buffs allocated to free pool = 500
Node 10: num msg buffs released from free pool = 0
Node 13: max msg buffs allocated to free pool = 500
Node 26: num msg buffs released from free pool = 0
Node 28: num msg buffs released from free pool = 0
Node 14: num msg buffs released from free pool = 0
Node 30: max msg buffs allocated to free pool = 500
Node 1: Max Local Time 21279125 for Object sector_05_06
Node 2: Max Local Time 21279312 for Object sector_06_07
Node 3: num msg buffs released from free pool = 0
Node 5: num msg buffs released from free pool = 0
Node 4: num msg buffs released from free pool = 0
Node 17: num msg buffs released from free pool = 0
Node 6: num msg buffs released from free pool = 0
Node 16: Max Local Time 21191125 for Object sector_01_12
Node 7: num msg buffs released from free pool = 0
Node 9: Max Local Time 21230062 for Object puck0073
Node 15: Max Local Time 21265250 for Object sector_05_04
Node 31: Max Local Time 21292250 for Object sector_07_06
Node 8: num msg buffs released from free pool = 0
Node 19: Max Local Time 21247937 for Object puck0019
Node 23: num msg buffs released from free pool = 0
Node 21: num msg buffs released from free pool = 0
Node 18: Max Local Time 21198500 for Object puck0074
Node 24: num msg buffs released from free pool = 0
Node 25: num msg buffs released from free pool = 0
Node 27: num msg buffs released from free pool = 0
Node 11: Max Local Time 21279625 for Object sector_07_08
Node 20: num msg buffs released from free pool = 0
Node 26: Max Local Time 21284875 for Object sector_07_05
Node 10: Max Local Time 21228750 for Object puck0100
Node 29: Max Local Time 21231500 for Object sector_04_01
Node 12: num msg buffs released from free pool = 0
Node 22: Max Local Time 21247687 for Object sector_07_03
Node 28: Max Local Time 21236125 for Object sector_05_03
Node 13: num msg buffs released from free pool = 0
Node 1: No home ask needed for pending entry 0 times
Node 30: num msg buffs released from free pool = 0
Node 14: Max Local Time 21274000 for Object puck0115
Node 3: Max Local Time 21288625 for Object cushion_3_06
Node 2: No home ask needed for pending entry 0 times
Node 5: Max Local Time 21236687 for Object cushion_3_03
Node 4: Max Local Time 21283312 for Object puck0047
Node 17: Max Local Time 21283187 for Object puck0121
Node 15: No home ask needed for pending entry 0 times
Node 7: Max Local Time 21280500 for Object sector_07_04
Node 16: No home ask needed for pending entry 0 times
Node 31: No home ask needed for pending entry 0 times
Node 9: No home ask needed for pending entry 0 times
Node 8: Max Local Time 21290062 for Object puck0098
Node 23: Max Local Time 21288250 for Object puck0094
Node 6: Max Local Time 21272312 for Object sector_05_05
Node 19: No home ask needed for pending entry 1 times
Node 21: Max Local Time 21277000 for Object cushion_3_07
Node 18: No home ask needed for pending entry 0 times
Node 25: Max Local Time 21240937 for Object puck0005
Node 22: No home ask needed for pending entry 0 times
Node 27: Max Local Time 21180812 for Object sector_07_11
Node 20: Max Local Time 21232437 for Object sector_06_00
Node 11: No home ask needed for pending entry 0 times
Node 24: Max Local Time 21280875 for Object puck0076
Node 29: No home ask needed for pending entry 0 times
Node 12: Max Local Time 21238937 for Object sector_06_01
Node 10: No home ask needed for pending entry 1 times
Node 13: Max Local Time 21228125 for Object puck0066
Node 26: No home ask needed for pending entry 0 times
Node 28: No home ask needed for pending entry 1 times
Node 14: No home ask needed for pending entry 0 times
Node 30: Max Local Time 21175500 for Object puck0082
Node 1: Objects blocked 0 times
Node 2: Objects blocked 0 times
Node 3: No home ask needed for pending entry 0 times
Node 5: No home ask needed for pending entry 0 times
Node 4: No home ask needed for pending entry 0 times
Node 17: No home ask needed for pending entry 0 times
Node 6: No home ask needed for pending entry 1 times
Node 16: Objects blocked 0 times
Node 7: No home ask needed for pending entry 0 times
Node 9: Objects blocked 0 times
Node 15: Objects blocked 0 times
Node 31: Objects blocked 0 times
Node 8: No home ask needed for pending entry 0 times
Node 19: Objects blocked 0 times
Node 23: No home ask needed for pending entry 0 times
Node 21: No home ask needed for pending entry 0 times
Node 18: Objects blocked 0 times
Node 24: No home ask needed for pending entry 0 times
Node 25: No home ask needed for pending entry 1 times
Node 27: No home ask needed for pending entry 0 times
Node 11: Objects blocked 0 times
Node 20: No home ask needed for pending entry 0 times
Node 26: Objects blocked 0 times
Node 10: Objects blocked 0 times
Node 29: Objects blocked 0 times
Node 12: No home ask needed for pending entry 1 times
Node 22: Objects blocked 0 times
Node 28: Objects blocked 0 times
Node 13: No home ask needed for pending entry 0 times
Node 1: Homeasks sent 219 Homeasks received 149
Node 30: No home ask needed for pending entry 0 times
Node 14: Objects blocked 0 times
Node 3: Objects blocked 0 times
Node 2: Homeasks sent 227 Homeasks received 158
Node 5: Objects blocked 0 times
Node 4: Objects blocked 0 times
Node 17: Objects blocked 0 times
Node 15: Homeasks sent 225 Homeasks received 238
Node 7: Objects blocked 0 times
Node 16: Homeasks sent 215 Homeasks received 158
Node 31: Homeasks sent 224 Homeasks received 192
Node 9: Homeasks sent 231 Homeasks received 182
Node 8: Objects blocked 0 times
Node 23: Objects blocked 0 times
Node 6: Objects blocked 0 times
Node 19: Homeasks sent 219 Homeasks received 224
Node 21: Objects blocked 0 times
Node 18: Homeasks sent 218 Homeasks received 212
Node 25: Objects blocked 0 times
Node 22: Homeasks sent 213 Homeasks received 244
Node 27: Objects blocked 0 times
Node 20: Objects blocked 0 times
Node 11: Homeasks sent 227 Homeasks received 243
Node 24: Objects blocked 0 times
Node 29: Homeasks sent 211 Homeasks received 263
Node 12: Objects blocked 0 times
Node 10: Homeasks sent 220 Homeasks received 127
Node 13: Objects blocked 0 times
Node 26: Homeasks sent 214 Homeasks received 173
Node 28: Homeasks sent 218 Homeasks received 252
Node 14: Homeasks sent 225 Homeasks received 247
Node 30: Objects blocked 0 times
Node 1: Homeans sent 149 Homeans received 219
Node 2: Homeans sent 158 Homeans received 227
Node 3: Homeasks sent 216 Homeasks received 239
Node 5: Homeasks sent 221 Homeasks received 226
Node 4: Homeasks sent 217 Homeasks received 248
Node 17: Homeasks sent 223 Homeasks received 149
Node 6: Homeasks sent 218 Homeasks received 210
Node 16: Homeans sent 158 Homeans received 215
Node 7: Homeasks sent 222 Homeasks received 280
Node 9: Homeans sent 182 Homeans received 231
Node 15: Homeans sent 238 Homeans received 225
Node 31: Homeans sent 192 Homeans received 224
Node 8: Homeasks sent 218 Homeasks received 183
Node 19: Homeans sent 224 Homeans received 219
Node 23: Homeasks sent 212 Homeasks received 271
Node 21: Homeasks sent 220 Homeasks received 256
Node 18: Homeans sent 212 Homeans received 218
Node 24: Homeasks sent 224 Homeasks received 136
Node 25: Homeasks sent 221 Homeasks received 184
Node 27: Homeasks sent 216 Homeasks received 220
Node 11: Homeans sent 243 Homeans received 227
Node 20: Homeasks sent 223 Homeasks received 204
Node 26: Homeans sent 173 Homeans received 214
Node 10: Homeans sent 127 Homeans received 220
Node 29: Homeans sent 263 Homeans received 211
Node 12: Homeasks sent 218 Homeasks received 274
Node 22: Homeans sent 244 Homeans received 213
Node 28: Homeans sent 252 Homeans received 218
Node 13: Homeasks sent 222 Homeasks received 188
Node 30: Homeasks sent 217 Homeasks received 270
Node 14: Homeans sent 247 Homeans received 225
Node 3: Homeans sent 239 Homeans received 216
Node 5: Homeans sent 226 Homeans received 221
Node 17: Homeans sent 149 Homeans received 223
Node 4: Homeans sent 248 Homeans received 217
Node 7: Homeans sent 280 Homeans received 222
Node 8: Homeans sent 183 Homeans received 218
Node 23: Homeans sent 271 Homeans received 212
Node 6: Homeans sent 210 Homeans received 218
Node 21: Homeans sent 256 Homeans received 220
Node 25: Homeans sent 184 Homeans received 221
Node 27: Homeans sent 220 Homeans received 216
Node 20: Homeans sent 204 Homeans received 223
Node 24: Homeans sent 136 Homeans received 224
Node 12: Homeans sent 274 Homeans received 218
Node 13: Homeans sent 188 Homeans received 222
Node 30: Homeans sent 270 Homeans received 217



@(#)brkpt.c 1.7	9/26/89	15:40:41	TIMEWARP
@(#)buglib2.c     1.67	10/23/89	11:02:54	TIMEWARP
@(#)cmp.c     1.18	6/2/89	12:43:16	TIMEWARP
@(#)comdtab.c     1.53	10/2/89	14:12:10	TIMEWARP
@(#)command.c     1.52	9/26/89	15:38:16	TIMEWARP
@(#)commit.c       1.20	9/26/89	16:48:05	TIMEWARP
@(#)cubeio.c       1.47	10/2/89	14:15:56	TIMEWARP
@(#)deliver.c     $Revision: 1.7 $	$Date: 91/11/01 09:19:43 $	TIMEWARP
@(#)fileio.c       $Revision: 1.9 $	$Date: 91/11/01 09:22:53 $	TIMEWARP
@(#)format.c       1.21	9/27/89	14:03:48	TIMEWARP
@(#)getime.c       1.16	6/2/89	12:43:47	TIMEWARP
@(#)gvt2.c    1.9	10/23/89	08:53:45	TIMEWARP
@(#)hostifc.c     1.47	9/12/89	17:08:43	TIMEWARP
@(#)int.c     $Revision: 1.5 $	$Date: 91/12/27 09:05:55 $	TIMEWARP
@(#)idlist.c       $Revision: 1.4 $	$Date: 91/08/07 16:36:14 $	TIMEWARP
@(#)list.c   $Revision: 1.7 $	$Date: 91/12/27 08:42:32 $	TIMEWARP
@(#)loadman.c     1.1	10/2/89	17:00:55	TIMEWARP
@(#)machdep.c     1.58	10/2/89	14:45:42	TIMEWARP
@(#)machifc.c     $Revision: 1.8 $	$Date: 91/11/01 09:41:12 $	TIMEWARP
@(#)make.c   $Revision	$Date	TIMEWARP
@(#)mem.c     $Revision: 1.7 $	$Date: 91/12/27 09:08:13 $	TIMEWARP
@(#)migr.c 1.31	10/6/89	14:25:23	TIMEWARP
@(#)mkmsg.c 1.9	6/2/89	12:44:35	TIMEWARP
@(#)moninit.c     1.23	6/2/89	12:44:37	TIMEWARP
@(#)monitor.c     1.12	6/2/89	12:44:41	TIMEWARP
@(#)mproc.c 1.55	9/28/89	15:05:09	TIMEWARP
@(#)msgcntl.c     1.48	10/2/89	15:02:31	TIMEWARP
@(#)nq.c       1.67	10/2/89	15:05:42	TIMEWARP
@(#)objend.c       1.42	9/26/89	16:44:32	TIMEWARP
@(#)objhead.c     $Revision: 1.10 $	$Date: 91/12/27 08:47:35 $	TIMEWARP
@(#)objifc.c       $Revision: 1.12 $	$Date: 91/12/27 09:10:27 $	TIMEWARP
@(#)rollback.c   1.58	10/6/89	14:23:00	TIMEWARP
@(#)save.c   $Revision: 1.4 $	$Date: 91/11/01 10:06:24 $	TIMEWARP
@(#)sched.c $Revision: 1.10 $	$Date: 91/12/27 08:48:44 $	TIMEWARP
@(#)sendback.c   $Revision: 1.10 $	$Date: 91/11/06 11:12:34 $	TIMEWARP
@(#)serve.c 1.65	9/26/89	16:40:59	TIMEWARP
@(#)services.c   $Revision: 1.5 $	$Date: 91/11/01 12:36:56 $	TIMEWARP
@(#)start.c $Revision: 1.6 $	$Date: 91/11/01 12:38:51 $	TIMEWARP
@(#)state.c $Revision: 1.15 $	$Date: 91/12/27 09:57:34 $	TIMEWARP
@(#)stats.c 1.29	8/8/89	13:21:20	TIMEWARP
@(#)storage.c     1.49	10/2/89	16:23:20	TIMEWARP
@(#)tester.c       $Revision: 1.13 $	$Date: 91/12/27 09:18:24 $	TIMEWARP
@(#)timewarp.c   $Revision: 1.22 $	$Date: 91/12/31 08:28:02 $	TIMEWARP
@(#)tlib.c   1.4	6/2/89	12:46:24	TIMEWARP
@(#)toupper.c     1.5	6/2/89	12:46:26	TIMEWARP
@(#)tstrinit.c   1.44	10/2/89	16:28:12	TIMEWARP
@(#)turboq2.c     1.25	6/2/89	12:46:32	TIMEWARP
@(#)objloc.c       1.30	10/2/89	15:42:10	TIMEWARP
@(#)vtime.c 1.5	9/27/89	15:54:23	TIMEWARP
