Version 2.7.1

Config File ../CONFIG/warp.cfg.even

Elapsed time for this run was 2323.18 seconds


Node	Obj	E+FT	E-FT	E+FR	E-FR	E+FC	e starts	e cmps	e com	e zap	# ssave	# scom	E Sent	E+RT	E-RT	E+RR	E-RR	cr strts	ds strts	cm cr	cm ds	migr	stmigr	imigr	omigr	sqlen	iqlen	oqlen	sqmax,	iqmax,	oqmax	stforw	ctime	cpu	segmax

0	stdout	0	0	0	0	0	0	0	0	0	0	0	0	0	0	0	0	0	0	0	0	0	0	0	0	0	0	0	0	0	0	0	0.000000	0.000000	0

0	84	78	0	74	0	74	72	72	72	0	73	73	78	0	0	0	0	0	0	1	0	0	0	0	0	1	1	0	3	6	2	0	4.839973	4.839973	0

0	0	154	0	159	2	157	146	146	146	2	147	147	154	0	0	0	0	0	0	1	0	0	0	0	0	1	2	0	3	7	4	0	14.959930	14.959930	0

0	78	148	0	137	2	135	130	130	130	2	131	131	148	0	0	0	0	0	0	1	0	0	0	0	0	1	3	0	2	7	3	0	11.359887	11.359887	0

0	36	524	0	526	29	497	351	351	351	29	352	352	524	0	0	0	0	0	0	1	0	0	0	0	0	1	11	0	3	22	5	0	65.980578	65.980578	0

0	99	308	0	323	2	321	248	248	248	2	249	249	308	0	0	0	0	0	0	1	0	0	0	0	0	1	5	0	3	12	5	0	41.019766	41.019766	0

0	120	420	0	419	22	397	285	285	285	22	286	286	420	0	0	0	0	0	0	1	0	0	0	0	0	1	17	0	3	27	6	0	58.739641	58.739641	0

0	27	498	0	527	43	484	341	341	341	43	342	342	498	0	0	0	0	0	0	1	0	0	0	0	0	1	14	0	4	27	6	0	68.260622	68.260622	0

0	31-init	4	0	1	0	1	1	1	1	0	2	2	4	0	0	0	0	0	0	1	0	0	0	0	0	1	0	0	2	1	4	0	0.000007	0.000007	0

0	1-init	7	0	1	0	1	1	1	1	0	2	2	7	0	0	0	0	0	0	1	0	0	0	0	0	1	0	0	2	1	7	0	0.000010	0.000010	0

0	4-init	7	0	1	0	1	1	1	1	0	2	2	7	0	0	0	0	0	0	1	0	0	0	0	0	1	0	0	2	1	7	0	0.000010	0.000010	0

0	10-init	6	0	1	0	1	1	1	1	0	2	2	6	0	0	0	0	0	0	1	0	0	0	0	0	1	0	0	2	1	6	0	0.000009	0.000009	0

0	22-init	4	0	1	0	1	1	1	1	0	2	2	4	0	0	0	0	0	0	1	0	0	0	0	0	1	0	0	2	1	4	0	0.000007	0.000007	0

0	7-init	7	0	1	0	1	1	1	1	0	2	2	7	0	0	0	0	0	0	1	0	0	0	0	0	1	0	0	2	1	7	0	0.000010	0.000010	0

0	16-init	4	0	1	0	1	1	1	1	0	2	2	4	0	0	0	0	0	0	1	0	0	0	0	0	1	0	0	2	1	4	0	0.000007	0.000007	0

0	19-init	4	0	1	0	1	1	1	1	0	2	2	4	0	0	0	0	0	0	1	0	0	0	0	0	1	0	0	2	1	4	0	0.000007	0.000007	0

0	13-init	6	0	1	0	1	1	1	1	0	2	2	6	0	0	0	0	0	0	1	0	0	0	0	0	1	0	0	2	1	6	0	0.020006	0.020006	0

0	25-init	4	0	1	0	1	1	1	1	0	2	2	4	0	0	0	0	0	0	1	0	0	0	0	0	1	0	0	2	1	4	0	0.000007	0.000007	0

0	28-init	4	0	1	0	1	1	1	1	0	2	2	4	0	0	0	0	0	0	1	0	0	0	0	0	1	0	0	2	1	4	0	0.000007	0.000007	0

0	135	23	0	28	0	28	28	28	28	0	29	29	23	0	0	0	0	0	0	1	0	0	0	0	0	1	0	0	2	3	2	0	0.800000	0.800000	0

0	54	160	0	145	2	143	125	125	125	2	126	126	160	0	0	0	0	0	0	1	0	0	0	0	0	1	2	0	2	7	4	0	18.779928	18.779928	0

0	30	221	0	191	2	189	173	173	173	2	174	174	221	0	0	0	0	0	0	1	0	0	0	0	0	1	11	0	2	18	4	0	28.038848	28.038848	0

0	33	403	0	419	20	399	317	317	317	20	318	318	403	0	0	0	0	0	0	1	0	0	0	0	0	1	5	0	3	14	5	0	56.260761	56.260761	0

0	123	374	0	375	11	364	272	272	272	11	273	273	374	0	0	0	0	0	0	1	0	0	0	0	0	1	7	0	3	16	4	0	49.459646	49.459646	0

0	60	208	0	226	9	217	162	162	162	9	163	163	208	0	0	0	0	0	0	1	0	0	0	0	0	1	3	0	3	14	7	0	27.019831	27.019831	0

0	42	299	0	323	12	311	247	247	247	12	248	248	299	0	0	0	0	0	0	1	0	0	0	0	0	1	3	0	3	11	5	0	35.518810	35.518810	0

0	90	251	0	258	0	258	220	220	220	0	221	221	251	0	0	0	0	0	0	1	0	0	0	0	0	1	3	0	2	9	4	0	25.041841	25.041841	0

0	57	173	0	173	9	164	136	136	136	9	137	137	173	0	0	0	0	0	0	1	0	0	0	0	0	1	2	0	3	9	4	0	23.260900	23.260900	0

0	45	257	0	267	20	247	212	212	212	20	213	213	257	0	0	0	0	0	0	1	0	0	0	0	0	1	4	0	3	11	4	0	29.079840	29.079840	0

0	48	319	0	335	9	326	189	189	189	9	190	190	319	0	0	0	0	0	0	1	0	0	0	0	0	1	6	0	3	18	6	0	44.180752	44.180752	0

0	129	174	0	185	13	172	143	143	143	13	144	144	174	0	0	0	0	0	0	1	0	0	0	0	0	1	2	0	2	11	4	0	23.259861	23.259861	0

0	108	475	0	430	35	395	348	348	348	35	349	349	475	0	0	0	0	0	0	1	0	0	0	0	0	1	7	0	3	14	5	0	71.360592	71.360592	0

0	51	278	0	295	6	289	198	198	198	6	199	199	278	0	0	0	0	0	0	1	0	0	0	0	0	1	4	0	2	10	4	0	38.879818	38.879818	0

0	114	395	0	410	16	394	349	349	349	16	350	350	395	0	0	0	0	0	0	1	0	0	0	0	0	1	8	0	3	19	4	0	54.979645	54.979645	0

0	111	412	0	420	17	403	367	367	367	17	368	368	412	0	0	0	0	0	0	1	0	0	0	0	0	1	9	0	3	16	4	0	54.939574	54.939574	0

0	18	474	0	536	55	481	321	321	321	55	322	322	474	0	0	0	0	0	0	1	0	0	0	0	0	1	6	0	3	15	5	0	70.859651	70.859651	0

0	105	565	0	679	52	627	468	468	468	52	469	469	565	0	0	0	0	0	0	1	0	0	0	0	0	1	13	0	3	24	5	0	77.399517	77.399517	0

0	96	346	0	317	7	310	281	281	281	7	282	282	346	0	0	0	0	0	0	1	0	0	0	0	0	1	9	0	3	15	4	0	47.539719	47.539719	0

0	132	229	0	260	27	233	205	205	205	27	206	206	229	0	0	0	0	0	0	1	0	0	0	0	0	1	3	0	3	11	4	0	27.839828	27.839828	0

0	126	322	1	321	5	316	261	260	258	5	261	259	327	0	0	0	0	0	0	1	0	0	0	0	0	1	6	0	3	12	8	0	36.138695	36.278688	0

0	15	262	0	281	24	257	216	216	216	24	217	217	262	0	0	0	0	0	0	1	0	0	0	0	0	1	5	0	3	13	4	0	36.739836	36.739836	0

0	102	386	0	378	4	374	288	288	288	4	289	289	386	0	0	0	0	0	0	1	0	0	0	0	0	1	10	0	3	17	4	0	45.179626	45.179626	0

0	93	690	0	772	41	731	470	470	470	41	471	471	690	0	0	0	0	0	0	1	0	0	0	0	0	1	10	0	4	18	5	0	106.199419	106.199419	0

0	117	466	0	457	15	442	335	335	335	15	336	336	466	0	0	0	0	0	0	1	0	0	0	0	0	1	16	0	3	27	5	0	66.160651	66.160651	0

0	63	116	0	105	2	103	101	101	101	2	102	102	116	0	0	0	0	0	0	1	0	0	0	0	0	1	1	0	3	5	4	0	11.459929	11.459929	0

0	9	182	0	193	3	190	164	164	164	3	165	165	182	0	0	0	0	0	0	1	0	0	0	0	0	1	3	0	3	12	4	0	18.659904	18.659904	0

0	12	376	0	403	9	394	269	269	269	9	270	270	376	0	0	0	0	0	0	1	0	0	0	0	0	1	6	0	3	17	6	0	55.579761	55.579761	0

0	69	589	0	659	82	577	416	416	416	82	417	417	589	0	0	0	0	0	0	1	0	0	0	0	0	1	10	0	4	21	6	0	87.719506	87.719506	0

0	72	568	0	639	68	571	423	423	423	68	424	424	568	0	0	0	0	0	0	1	0	0	0	0	0	1	7	0	3	15	5	0	86.939622	86.939622	0

0	66	568	0	642	66	576	393	393	393	66	394	394	568	0	0	0	0	0	0	1	0	0	0	0	0	1	11	0	3	24	6	0	86.198554	86.198554	0

0	6	155	0	156	3	153	142	142	142	3	143	143	155	0	0	0	0	0	0	1	0	0	0	0	0	1	2	0	2	8	4	0	16.499951	16.499951	0

0	75	469	0	500	30	470	356	356	356	30	357	357	469	0	0	0	0	0	0	1	0	0	0	0	0	1	5	0	3	14	6	0	67.559678	67.559678	0

0	39	440	0	486	42	444	341	341	341	42	342	342	440	0	0	0	0	0	0	1	0	0	0	0	0	1	6	0	3	15	4	0	57.619746	57.619746	0

0	3	139	0	145	6	139	124	124	124	6	125	125	139	0	0	0	0	0	0	1	0	0	0	0	0	1	2	0	2	9	4	0	14.379940	14.379940	0

0	24	465	0	507	43	464	320	320	320	43	321	321	465	0	0	0	0	0	0	1	0	0	0	0	0	1	7	0	3	16	6	0	72.060677	72.060677	0

0	87	130	0	134	1	133	124	124	124	1	125	125	130	0	0	0	0	0	0	1	0	0	0	0	0	1	2	0	2	7	3	0	10.080908	10.080908	0

0	21	269	0	313	20	293	234	234	234	20	235	235	269	0	0	0	0	0	0	1	0	0	0	0	0	1	4	0	3	9	4	0	37.379875	37.379875	0

0	81	98	0	100	0	100	94	94	94	0	95	95	98	0	0	0	0	0	0	1	0	0	0	0	0	1	1	0	2	6	4	0	6.639981	6.639981	0

Config eposfs 1
Node 0: Cache Probes 30655, Cache Hits 30598, Cache Misses 57 Hit Ratio 99.81 percent
Migration Count Node 0: Migrations In 0, Migrations Out 0, Routing Faults 0, States Out 0, States In 0, States Not Sent 0
Page Fault Node	0:	1276
TW node	0	Sun Named	topaz
Node 0: max msg buffs allocated to free pool = 627
Node 0: num msg buffs released from free pool = 109
Node 0: Max Local Time 2147483647 for Object 21
Node 0: No home ask needed for pending entry 0 times
Node 0: Homeasks sent 0 Homeasks received 66
Node 0: Homeans sent 66 Homeans received 0

2	stdout	0	0	0	0	0	0	0	0	0	0	0	0	0	0	0	0	0	0	0	0	0	0	0	0	0	0	0	0	0	0	0	0.000000	0.000000	0

1	stdout	0	0	0	0	0	0	0	0	0	0	0	0	0	0	0	0	0	0	0	0	0	0	0	0	0	0	0	0	0	0	0	0.000000	0.000000	0

2	83	72	0	71	0	71	67	67	67	0	68	68	72	0	0	0	0	0	0	1	0	0	0	0	0	1	1	0	3	6	5	0	4.119960	4.119960	0

1	82	75	0	78	0	78	72	72	72	0	73	73	75	0	0	0	0	0	0	1	0	0	0	0	0	1	1	0	4	5	4	0	3.859972	3.859972	0

2	20	323	17	289	0	289	273	273	240	0	274	241	348	0	0	0	0	0	0	1	0	0	0	0	0	2	10	1	5	21	6	0	30.859850	35.599835	0

1	85	86	0	85	0	85	83	83	83	0	84	84	86	0	0	0	0	0	0	1	0	0	0	0	0	1	1	0	3	6	4	0	4.559940	4.559940	0

2	86	107	1	111	0	111	106	106	100	0	107	101	115	0	0	0	0	0	0	1	0	0	0	0	0	1	2	0	4	6	5	0	6.519931	7.219915	0

1	88	138	0	129	1	128	119	119	116	1	120	117	140	0	0	0	0	0	0	1	0	0	0	0	0	1	2	0	4	8	4	0	8.839910	8.879908	0

2	35	420	13	437	14	423	386	379	317	14	380	318	498	0	0	0	0	0	0	1	0	0	0	0	0	2	4	2	6	12	7	0	42.999811	53.839754	0

1	13	252	8	234	1	233	224	223	194	1	224	195	291	0	0	0	0	0	0	1	0	0	0	0	0	2	3	1	4	10	6	0	30.279856	36.719823	0

2	74	604	29	627	55	572	473	460	396	55	461	397	667	0	0	0	0	0	0	1	0	0	0	0	0	2	7	2	6	18	9	0	76.759640	89.579538	0

1	124	438	7	433	0	433	356	353	321	0	354	322	477	0	0	0	0	0	0	1	0	0	0	0	0	2	7	2	5	15	8	0	43.339705	48.439676	0

2	98	322	0	332	2	330	291	291	269	2	292	270	344	0	0	0	0	0	0	1	0	0	0	0	0	2	4	1	5	11	7	0	33.039751	35.959718	0

1	28	610	74	556	1	555	534	527	383	1	528	384	743	0	0	0	0	0	0	1	0	0	0	0	0	2	6	3	6	13	12	0	65.719823	91.699686	0

2	26	525	41	512	12	500	453	449	356	12	450	357	585	0	0	0	0	0	0	1	0	0	0	0	0	2	6	2	6	14	9	0	63.099805	77.579750	0

1	70	632	54	602	9	593	577	563	438	9	564	439	768	0	0	0	0	0	0	1	0	0	0	0	0	3	8	3	7	16	10	0	72.839677	98.799585	0

2	8	179	2	180	0	180	172	172	158	0	173	159	189	0	0	0	0	0	0	1	0	0	0	0	0	1	3	1	4	9	7	0	15.859948	17.619943	0

1	64	320	0	283	9	274	255	255	248	9	256	249	328	0	0	0	0	0	0	1	0	0	0	0	0	2	9	1	9	16	12	0	37.779752	38.939743	0

2	62	193	1	228	1	227	210	210	191	1	211	192	212	0	0	0	0	0	0	1	0	0	0	0	0	2	3	1	4	9	6	0	19.039925	20.959916	0

1	2-init	7	0	1	0	1	1	1	1	0	2	2	7	0	0	0	0	0	0	1	0	0	0	0	0	1	0	0	2	1	7	0	0.000010	0.000010	0

2	65	465	20	479	0	479	430	422	352	0	423	353	523	0	0	0	0	0	0	1	0	0	0	0	0	2	5	2	6	14	8	0	52.879820	62.499768	0

1	5-init	7	0	1	0	1	1	1	1	0	2	2	7	0	0	0	0	0	0	1	0	0	0	0	0	1	0	0	2	1	7	0	0.000010	0.000010	0

2	0-init	8	0	1	0	1	1	1	1	0	2	2	8	0	0	0	0	0	0	1	0	0	0	0	0	0	0	0	1	1	0	0	0.000011	0.000011	0

1	11-init	6	0	1	0	1	1	1	1	0	2	2	6	0	0	0	0	0	0	1	0	0	0	0	0	1	0	0	2	1	6	0	0.019998	0.019998	0

2	3-init	7	0	1	0	1	1	1	1	0	2	2	7	0	0	0	0	0	0	1	0	0	0	0	0	1	0	0	2	1	7	0	0.000010	0.000010	0

1	23-init	4	0	1	0	1	1	1	1	0	2	2	4	0	0	0	0	0	0	1	0	0	0	0	0	1	0	0	2	1	4	0	0.000007	0.000007	0

2	9-init	6	0	1	0	1	1	1	1	0	2	2	6	0	0	0	0	0	0	1	0	0	0	0	0	1	0	0	2	1	6	0	0.020004	0.020004	0

1	20-init	4	0	1	0	1	1	1	1	0	2	2	4	0	0	0	0	0	0	1	0	0	0	0	0	1	0	0	2	1	4	0	0.000007	0.000007	0

2	24-init	4	0	1	0	1	1	1	1	0	2	2	4	0	0	0	0	0	0	1	0	0	0	0	0	1	0	0	2	1	4	0	0.000007	0.000007	0

1	26-init	4	0	1	0	1	1	1	1	0	2	2	4	0	0	0	0	0	0	1	0	0	0	0	0	1	0	0	2	1	4	0	0.000007	0.000007	0

2	6-init	7	0	1	0	1	1	1	1	0	2	2	7	0	0	0	0	0	0	1	0	0	0	0	0	1	0	0	2	1	7	0	0.000010	0.000010	0

1	14-init	6	0	1	0	1	1	1	1	0	2	2	6	0	0	0	0	0	0	1	0	0	0	0	0	1	0	0	2	1	6	0	0.000009	0.000009	0

2	21-init	4	0	1	0	1	1	1	1	0	2	2	4	0	0	0	0	0	0	1	0	0	0	0	0	1	0	0	2	1	4	0	0.019996	0.019996	0

1	8-init	7	0	1	0	1	1	1	1	0	2	2	7	0	0	0	0	0	0	1	0	0	0	0	0	1	0	0	2	1	7	0	0.000010	0.000010	0

2	12-init	6	0	1	0	1	1	1	1	0	2	2	6	0	0	0	0	0	0	1	0	0	0	0	0	1	0	0	2	1	6	0	0.000009	0.000009	0

1	29-init	4	0	1	0	1	1	1	1	0	2	2	4	0	0	0	0	0	0	1	0	0	0	0	0	1	0	0	2	1	4	0	0.000007	0.000007	0

2	15-init	4	0	1	0	1	1	1	1	0	2	2	4	0	0	0	0	0	0	1	0	0	0	0	0	1	0	0	2	1	4	0	0.000007	0.000007	0

1	17-init	4	0	1	0	1	1	1	1	0	2	2	4	0	0	0	0	0	0	1	0	0	0	0	0	1	0	0	2	1	4	0	0.000007	0.000007	0

2	27-init	4	0	1	0	1	1	1	1	0	2	2	4	0	0	0	0	0	0	1	0	0	0	0	0	1	0	0	2	1	4	0	0.000007	0.000007	0

1	55	150	1	145	3	142	134	133	125	3	134	126	159	0	0	0	0	0	0	1	0	0	0	0	0	1	2	1	5	7	6	0	14.379914	15.559903	0

2	30-init	4	0	1	0	1	1	1	1	0	2	2	4	0	0	0	0	0	0	1	0	0	0	0	0	0	0	0	1	1	3	0	0.020006	0.020006	0

1	121	334	5	338	5	333	317	316	277	5	317	278	380	0	0	0	0	0	0	1	0	0	0	0	0	2	4	1	5	11	6	0	35.739767	42.259731	0

2	18-init	4	0	1	0	1	1	1	1	0	2	2	4	0	0	0	0	0	0	1	0	0	0	0	0	0	0	0	1	0	0	0	0.000007	0.000007	0

1	31	310	8	333	7	326	293	288	265	7	289	266	325	0	0	0	0	0	0	1	0	0	0	0	0	2	3	1	5	10	8	0	33.039874	36.039868	0

2	32	390	15	388	6	382	334	327	290	6	328	291	419	0	0	0	0	0	0	1	0	0	0	0	0	2	4	2	5	12	10	0	43.059827	48.199801	0

1	34	437	26	430	9	421	413	407	343	9	408	344	492	0	0	0	0	0	0	1	0	0	0	0	0	2	5	2	7	13	9	0	46.079789	55.159766	0

2	122	387	12	367	0	367	351	349	307	0	350	308	436	0	0	0	0	0	0	1	0	0	0	0	0	2	5	2	5	13	7	0	42.579725	49.979675	0

1	58	224	14	227	3	224	200	200	161	3	201	162	243	0	0	0	0	0	0	1	0	0	0	0	0	1	3	1	5	11	10	0	23.199872	26.599857	0

2	11	253	0	249	0	249	219	219	198	0	220	199	276	0	0	0	0	0	0	1	0	0	0	0	0	2	3	1	4	9	6	0	32.579900	35.579886	0

1	10	279	1	291	2	289	240	238	225	2	239	226	292	0	0	0	0	0	0	1	0	0	0	0	0	2	3	1	5	11	9	0	28.779831	30.199821	0

2	41	396	21	393	9	384	358	347	294	9	348	295	450	0	0	0	0	0	0	1	0	0	0	0	0	2	4	2	5	13	7	0	41.639784	50.919707	0

1	115	406	22	392	3	389	316	314	277	3	315	278	436	0	0	0	0	0	0	1	0	0	0	0	0	2	5	2	6	16	10	0	43.479741	49.699700	0

2	59	159	7	149	2	147	128	127	115	2	128	116	167	0	0	0	0	0	0	1	0	0	0	0	0	1	2	1	4	8	7	0	15.639908	17.699892	0

1	46	332	4	347	12	335	235	235	198	12	236	199	341	0	0	0	0	0	0	1	0	0	0	0	0	2	5	2	4	13	10	0	35.139775	36.019770	0

2	89	215	1	206	3	203	192	192	186	3	193	187	220	0	0	0	0	0	0	1	0	0	0	0	0	2	8	1	4	13	6	0	19.079818	19.599816	0

1	43	232	2	196	1	195	189	189	175	1	190	176	243	0	0	0	0	0	0	1	0	0	0	0	0	1	6	1	5	12	6	0	23.499876	24.579866	0

2	56	251	19	249	1	248	212	211	182	1	212	183	266	0	0	0	0	0	0	1	0	0	0	0	0	2	3	1	5	12	8	0	26.239856	30.559856	0

1	136	77	0	78	0	78	76	76	76	0	77	77	77	0	0	0	0	0	0	1	0	0	0	0	0	1	0	0	4	6	5	0	3.219965	3.219965	0

2	44	392	23	370	1	369	339	336	281	1	337	282	446	0	0	0	0	0	0	1	0	0	0	0	0	2	9	2	5	20	8	0	34.239756	41.119717	0

1	127	199	0	219	9	210	188	187	181	9	188	182	200	0	0	0	0	0	0	1	0	0	0	0	0	2	3	1	6	11	6	0	19.639863	19.799866	0

2	116	373	7	370	6	364	302	299	267	6	300	268	405	0	0	0	0	0	0	1	0	0	0	0	0	2	5	2	5	13	7	0	41.619708	46.259673	0

1	91	284	1	282	1	281	270	270	246	1	271	247	311	0	0	0	0	0	0	1	0	0	0	0	0	2	4	1	5	12	5	0	24.819768	27.399733	0

2	47	262	0	265	1	264	212	212	187	1	213	188	265	0	0	0	0	0	0	1	0	0	0	0	0	2	4	1	4	11	6	0	27.819825	28.139825	0

1	49	251	4	271	3	268	202	202	177	3	203	178	256	0	0	0	0	0	0	1	0	0	0	0	0	2	4	1	4	12	14	0	28.799830	29.799815	0

2	134	23	0	27	0	27	27	27	27	0	28	28	23	0	0	0	0	0	0	1	0	0	0	0	0	1	0	0	3	3	4	0	0.719969	0.719969	0

1	52	376	3	370	8	362	303	302	259	8	303	260	392	0	0	0	0	0	0	1	0	0	0	0	0	2	4	2	5	11	8	0	44.579816	46.699816	0

2	128	190	7	179	0	179	176	176	156	0	177	157	218	0	0	0	0	0	0	1	0	0	0	0	0	1	2	1	5	7	9	0	18.599854	22.919823	0

1	106	674	63	665	7	658	620	605	439	7	606	440	878	0	0	0	0	0	0	1	0	0	0	0	0	2	8	3	7	17	10	0	73.699699	107.679486	0

2	50	334	9	328	2	326	250	249	197	2	250	198	346	0	0	0	0	0	0	1	0	0	0	0	0	2	5	2	5	14	8	0	38.519781	41.099781	0

1	112	428	11	396	0	396	392	389	354	0	390	355	465	0	0	0	0	0	0	1	0	0	0	0	0	2	9	2	5	15	11	0	46.599647	51.819625	0

2	110	659	48	672	3	669	626	615	456	3	616	457	896	0	0	0	0	0	0	1	0	0	0	0	0	3	7	3	7	16	9	0	75.299682	112.699454	0

1	103	327	0	356	0	356	327	327	297	0	328	298	355	0	0	0	0	0	0	1	0	0	0	0	0	2	3	1	6	8	5	0	29.219767	31.199727	0

2	104	282	0	274	1	273	262	261	251	1	262	252	293	0	0	0	0	0	0	1	0	0	0	0	0	2	11	1	8	17	7	0	29.859739	30.499718	0

1	19	429	31	417	1	416	413	408	321	1	409	322	530	0	0	0	0	0	0	1	0	0	0	0	0	2	6	2	5	13	8	0	45.779866	62.879786	0

2	77	287	0	261	6	255	238	237	229	6	238	230	293	0	0	0	0	0	0	1	0	0	0	0	0	2	14	1	6	22	6	0	35.379780	35.479771	0

1	133	287	13	275	1	274	250	245	223	1	246	224	307	0	0	0	0	0	0	1	0	0	0	0	0	2	3	1	5	10	10	0	28.959842	33.259814	0

2	113	538	1	557	6	551	439	437	390	6	438	391	600	0	0	0	0	0	0	1	0	0	0	0	0	2	8	2	6	19	9	0	60.639594	68.619531	0

1	16	411	25	404	6	398	336	335	288	6	336	289	433	0	0	0	0	0	0	1	0	0	0	0	0	2	6	2	6	16	8	0	47.159781	53.699763	0

2	17	277	8	265	1	264	255	255	224	1	256	225	305	0	0	0	0	0	0	1	0	0	0	0	0	2	4	1	5	11	6	0	31.759872	35.959853	0

1	109	525	9	638	28	610	526	517	451	28	518	452	575	0	0	0	0	0	0	1	0	0	0	0	0	3	8	2	7	18	9	0	59.019653	65.979596	0

2	107	452	12	333	2	331	343	341	319	2	342	320	476	0	0	0	0	0	0	1	0	0	0	0	0	2	5	2	5	11	7	0	53.759695	58.119651	0

1	94	518	35	489	4	485	509	503	400	4	504	401	605	0	0	0	0	0	0	1	0	0	0	0	0	2	8	2	6	16	8	0	61.579712	77.659611	0

2	95	429	10	460	11	449	434	429	373	11	430	374	466	0	0	0	0	0	0	1	0	0	0	0	0	2	5	2	6	11	8	0	49.559725	54.999678	0

1	130	226	13	229	4	225	213	212	192	4	213	193	239	0	0	0	0	0	0	1	0	0	0	0	0	2	2	1	6	11	6	0	20.619876	24.039857	0

2	53	445	12	408	0	408	358	357	325	0	358	326	495	0	0	0	0	0	0	1	0	0	0	0	0	2	12	2	6	21	7	0	45.059715	51.939663	0

1	118	294	19	274	2	272	271	268	228	2	269	229	325	0	0	0	0	0	0	1	0	0	0	0	0	2	3	1	5	10	7	0	34.399861	39.779841	0

2	29	446	2	444	32	412	344	342	325	32	343	326	458	0	0	0	0	0	0	1	0	0	0	0	0	2	15	2	6	22	9	0	55.399643	56.419645	0

1	97	625	35	533	2	531	417	412	364	2	413	365	693	0	0	0	0	0	0	1	0	0	0	0	0	2	11	3	6	25	12	0	68.439548	81.059463	0

2	131	211	22	206	1	205	217	215	190	1	216	191	223	0	0	0	0	0	0	1	0	0	0	0	0	2	2	1	6	10	6	0	21.019892	25.959860	0

1	61	172	3	158	0	158	144	143	133	0	144	134	183	0	0	0	0	0	0	1	0	0	0	0	0	1	2	1	5	8	6	0	17.139905	19.359881	0

2	125	331	1	305	0	305	225	225	220	0	226	221	334	0	0	0	0	0	0	1	0	0	0	0	0	2	7	1	5	15	8	0	31.479729	32.219716	0

1	7	172	2	169	1	168	154	154	146	1	155	147	178	0	0	0	0	0	0	1	0	0	0	0	0	1	2	1	4	10	5	0	14.719971	15.779958	0

2	14	365	18	371	5	366	364	360	267	5	361	268	472	0	0	0	0	0	0	1	0	0	0	0	0	2	5	2	5	14	9	0	42.239907	58.339857	0

1	100	275	3	233	0	233	225	225	214	0	226	215	288	0	0	0	0	0	0	1	0	0	0	0	0	2	7	1	4	12	5	0	31.239789	32.899783	0

2	71	710	28	695	19	676	648	633	501	19	634	502	861	0	0	0	0	0	0	1	0	0	0	0	0	3	12	3	9	21	8	0	81.819601	103.659438	0

1	73	727	105	641	17	624	622	599	445	17	600	446	843	0	0	0	0	0	0	1	0	0	0	0	0	3	8	3	8	17	10	0	83.039731	115.519581	0

2	101	713	25	655	17	638	442	432	364	17	433	365	776	0	0	0	0	0	0	1	0	0	0	0	0	2	13	3	5	24	15	0	88.119521	99.039454	0

1	67	763	106	697	23	674	681	665	501	23	666	502	942	0	0	0	0	0	0	1	0	0	0	0	0	3	12	3	6	24	9	0	76.399648	113.199455	0

2	92	540	6	610	18	592	458	455	391	18	456	392	610	0	0	0	0	0	0	1	0	0	0	0	0	2	10	2	6	22	9	0	55.879646	63.319603	0

1	37	473	50	456	19	437	408	386	317	19	387	318	532	0	0	0	0	0	0	1	0	0	0	0	0	2	5	2	6	12	8	0	46.199855	59.359808	0

2	68	654	70	639	52	587	619	604	473	52	605	474	759	0	0	0	0	0	0	1	0	0	0	0	0	3	10	2	7	17	8	0	72.679625	96.239503	0

1	4	143	4	140	0	140	130	130	125	0	131	126	145	0	0	0	0	0	0	1	0	0	0	0	0	1	2	0	5	8	5	0	12.359943	13.139941	0

2	119	263	13	275	8	267	270	268	227	8	269	228	283	0	0	0	0	0	0	1	0	0	0	0	0	2	3	1	5	10	8	0	30.799875	35.439868	0

1	25	377	20	368	16	352	329	327	274	16	328	275	395	0	0	0	0	0	0	1	0	0	0	0	0	2	5	2	5	12	7	0	47.799797	52.659764	0

2	5	137	1	144	0	144	136	136	128	0	137	129	146	0	0	0	0	0	0	1	0	0	0	0	0	1	2	0	4	7	4	0	11.619944	13.179941	0

1	76	470	24	505	0	505	484	476	397	0	477	398	539	0	0	0	0	0	0	1	0	0	0	0	0	2	9	2	6	18	9	0	51.119820	60.079749	0

2	38	485	39	472	26	446	444	440	350	26	441	351	567	0	0	0	0	0	0	1	0	0	0	0	0	2	5	2	6	14	8	0	49.899794	64.179709	0

1	40	449	31	435	11	424	389	386	312	11	387	313	535	0	0	0	0	0	0	1	0	0	0	0	0	2	5	2	6	14	13	0	47.159792	61.759707	0

2	2	136	3	139	0	139	132	131	123	0	132	124	141	0	0	0	0	0	0	1	0	0	0	0	0	1	2	1	4	7	8	0	11.119956	11.559954	0

1	1	145	1	145	1	144	144	143	136	1	144	137	151	0	0	0	0	0	0	1	0	0	0	0	0	1	2	0	4	6	5	0	12.139899	12.659899	0

2	23	513	48	450	4	446	457	454	357	4	455	358	615	0	0	0	0	0	0	1	0	0	0	0	0	2	13	2	5	25	7	0	56.239735	75.439659	0

1	79	135	2	147	1	146	144	144	139	1	145	140	138	0	0	0	0	0	0	1	0	0	0	0	0	1	2	0	4	7	6	0	8.379959	8.819951	0

2	80	122	1	125	0	125	122	122	121	0	123	122	123	0	0	0	0	0	0	1	0	0	0	0	0	1	2	0	4	7	5	0	6.899935	7.219933	0

1	22	445	15	472	24	448	401	397	320	24	398	321	497	0	0	0	0	0	0	1	0	0	0	0	0	2	6	2	5	17	9	0	51.239766	57.139758	0
Node 2: Cache Probes 31334, Cache Hits 31177, Cache Misses 157 Hit Ratio 99.50 percent
Node 1: Cache Probes 31734, Cache Hits 31582, Cache Misses 152 Hit Ratio 99.52 percent
Migration Count Node 2: Migrations In 0, Migrations Out 0, Routing Faults 0, States Out 0, States In 0, States Not Sent 0
Migration Count Node 1: Migrations In 0, Migrations Out 0, Routing Faults 0, States Out 0, States In 0, States Not Sent 0
Page Fault Node	2:	1615
Page Fault Node	1:	1747
TW node	2	Sun Named	amethyst
TW node	1	Sun Named	ice9
Node 2: max msg buffs allocated to free pool = 716
Node 1: max msg buffs allocated to free pool = 682
Node 2: num msg buffs released from free pool = 194
Node 1: num msg buffs released from free pool = 172
Node 2: Max Local Time 2147483647 for Object 20
Node 1: Max Local Time 2147483647 for Object 22
Node 2: No home ask needed for pending entry 0 times
Node 1: No home ask needed for pending entry 0 times
Node 2: Homeasks sent 74 Homeasks received 35
Node 1: Homeasks sent 67 Homeasks received 40
Node 2: Homeans sent 35 Homeans received 74
Node 1: Homeans sent 40 Homeans received 67



@(#)brkpt.c 1.7	9/26/89	15:40:41	TIMEWARP
@(#)buglib2.c     1.67	10/23/89	11:02:54	TIMEWARP
@(#)cmp.c     1.18	6/2/89	12:43:16	TIMEWARP
@(#)comdtab.c     1.53	10/2/89	14:12:10	TIMEWARP
@(#)command.c     1.52	9/26/89	15:38:16	TIMEWARP
@(#)commit.c       1.20	9/26/89	16:48:05	TIMEWARP
@(#)cubeio.c       1.47	10/2/89	14:15:56	TIMEWARP
@(#)deliver.c     $Revision: 1.7 $	$Date: 91/11/01 09:19:43 $	TIMEWARP
@(#)fileio.c       $Revision: 1.9 $	$Date: 91/11/01 09:22:53 $	TIMEWARP
@(#)format.c       1.21	9/27/89	14:03:48	TIMEWARP
@(#)getime.c       1.16	6/2/89	12:43:47	TIMEWARP
@(#)gvt2.c    1.9	10/23/89	08:53:45	TIMEWARP
@(#)hostifc.c     1.47	9/12/89	17:08:43	TIMEWARP
@(#)int.c     $Revision: 1.5 $	$Date: 91/12/27 09:05:55 $	TIMEWARP
@(#)idlist.c       $Revision: 1.4 $	$Date: 91/08/07 16:36:14 $	TIMEWARP
@(#)list.c   $Revision: 1.7 $	$Date: 91/12/27 08:42:32 $	TIMEWARP
@(#)loadman.c     1.1	10/2/89	17:00:55	TIMEWARP
@(#)machdep.c     1.58	10/2/89	14:45:42	TIMEWARP
@(#)machifc.c     $Revision: 1.8 $	$Date: 91/11/01 09:41:12 $	TIMEWARP
@(#)make.c   $Revision	$Date	TIMEWARP
@(#)mem.c     $Revision: 1.7 $	$Date: 91/12/27 09:08:13 $	TIMEWARP
@(#)migr.c 1.31	10/6/89	14:25:23	TIMEWARP
@(#)mkmsg.c 1.9	6/2/89	12:44:35	TIMEWARP
@(#)moninit.c     1.23	6/2/89	12:44:37	TIMEWARP
@(#)monitor.c     1.12	6/2/89	12:44:41	TIMEWARP
@(#)mproc.c 1.55	9/28/89	15:05:09	TIMEWARP
@(#)msgcntl.c     1.48	10/2/89	15:02:31	TIMEWARP
@(#)nq.c       1.67	10/2/89	15:05:42	TIMEWARP
@(#)objend.c       1.42	9/26/89	16:44:32	TIMEWARP
@(#)objhead.c     $Revision: 1.10 $	$Date: 91/12/27 08:47:35 $	TIMEWARP
@(#)objifc.c       $Revision: 1.12 $	$Date: 91/12/27 09:10:27 $	TIMEWARP
@(#)rollback.c   1.58	10/6/89	14:23:00	TIMEWARP
@(#)save.c   $Revision: 1.4 $	$Date: 91/11/01 10:06:24 $	TIMEWARP
@(#)sched.c $Revision: 1.11 $	$Date: 92/02/25 10:35:53 $	TIMEWARP
@(#)sendback.c   $Revision: 1.10 $	$Date: 91/11/06 11:12:34 $	TIMEWARP
@(#)serve.c 1.65	9/26/89	16:40:59	TIMEWARP
@(#)services.c   $Revision: 1.5 $	$Date: 91/11/01 12:36:56 $	TIMEWARP
@(#)start.c $Revision: 1.6 $	$Date: 91/11/01 12:38:51 $	TIMEWARP
@(#)state.c $Revision: 1.15 $	$Date: 91/12/27 09:57:34 $	TIMEWARP
@(#)stats.c 1.29	8/8/89	13:21:20	TIMEWARP
@(#)storage.c     1.49	10/2/89	16:23:20	TIMEWARP
@(#)tester.c       $Revision: 1.13 $	$Date: 91/12/27 09:18:24 $	TIMEWARP
@(#)timewarp.c   $Revision: 1.23 $	$Date: 92/02/25 10:49:44 $	TIMEWARP
@(#)tlib.c   1.4	6/2/89	12:46:24	TIMEWARP
@(#)toupper.c     1.5	6/2/89	12:46:26	TIMEWARP
@(#)tstrinit.c   1.44	10/2/89	16:28:12	TIMEWARP
@(#)turboq2.c     1.25	6/2/89	12:46:32	TIMEWARP
@(#)objloc.c       1.30	10/2/89	15:42:10	TIMEWARP
@(#)vtime.c 1.5	9/27/89	15:54:23	TIMEWARP
