   0 0 0.015420 
   1 0 0.016754 
   2 0 0.015247 
   6 0 0.016993 
   3 0 0.017155 
   13 0 0.018043 
   18 0 0.001932 
   14 0 0.017048 
   25 0 0.002503 
   8 0 0.017166 
   5 0 0.017191 
   23 0 0.002592 
   17 0 0.017296 
   29 0 0.002063 
   4 0 0.020820 
   9 0 0.015343 
   22 0 0.001949 
   27 0 0.003578 
   28 0 0.004436 
   11 0 0.017133 
   20 0 0.004886 
   26 0 0.003513 
   7 0 0.019562 
   10 0 0.019391 
   15 0 0.017993 
   21 0 0.001173 
   16 0 0.020789 
   24 0 0.002933 
   12 0 0.020647 
   19 0 0.002226 
   31 0 0.001937 
   30 0 0.002803 
   0 1 0.835931 
   3 1 0.835210 
   2 1 0.796869 
   8 1 0.863906 
   4 1 0.879607 
   10 1 0.898923 
   1 1 0.820607 
   5 1 0.813114 
   21 1 0.003988 
   6 1 0.812512 
   9 1 0.855786 
   30 1 -0.005096 
   23 1 0.012003 
   7 1 0.936387 
   22 1 0.003121 
   14 1 0.843641 
   17 1 0.836638 
   16 1 0.884865 
   13 1 0.808526 
   18 1 0.021116 
   11 1 0.906832 
   20 1 0.054021 
   15 1 0.901003 
   12 1 0.864017 
   19 1 0.020958 
   28 1 -0.002705 
   25 1 0.025446 
   29 1 -0.003511 
   31 1 0.015012 
   27 1 0.030697 
   24 1 0.011935 
   26 1 0.013460 
   0 2 0.470894 
   2 2 0.415696 
   6 2 0.698098 
   13 2 0.697753 
   14 2 0.331788 
   17 2 0.039555 
   18 2 0.018716 
   25 2 0.019804 
   29 2 0.008454 
   5 2 0.541306 
   1 2 0.570364 
   11 2 0.523587 
   20 2 -0.030442 
   26 2 0.076195 
   12 2 0.665080 
   19 2 0.007624 
   31 2 0.045058 
   3 2 0.753663 
   4 2 0.697101 
   8 2 0.522610 
   23 2 0.038353 
   21 2 0.026722 
   28 2 0.035754 
   27 2 0.061762 
   10 2 0.151486 
   7 2 0.707370 
   15 2 0.350278 
   24 2 0.053570 
   30 2 0.017044 
   16 2 0.474964 
   9 2 0.291867 
   22 2 0.041707 
   0 3 0.586670 
   1 3 0.671906 
   3 3 0.527164 
   2 3 0.258403 
   4 3 0.831525 
   7 3 0.898667 
   10 3 0.400741 
   8 3 0.659041 
   21 3 0.052773 
   23 3 0.106053 
   27 3 0.169169 
   16 3 0.688774 
   24 3 0.142294 
   22 3 0.048769 
   9 3 0.736741 
   6 3 0.494538 
   18 3 0.102629 
   14 3 0.346475 
   25 3 0.181540 
   5 3 0.687743 
   11 3 0.340999 
   28 3 0.016166 
   20 3 0.088089 
   13 3 -0.006104 
   30 3 0.007967 
   15 3 0.609667 
   26 3 0.205205 
   17 3 0.230159 
   31 3 0.087197 
   12 3 0.694131 
   19 3 0.054863 
   29 3 0.006226 
   0 4 0.564670 
   1 4 0.278664 
   2 4 0.576046 
   4 4 0.511004 
   5 4 0.698839 
   6 4 0.902272 
   12 4 0.566751 
   21 4 0.005675 
   19 4 0.089038 
   27 4 0.090667 
   10 4 0.817023 
   26 4 0.103985 
   13 4 0.914319 
   18 4 0.175626 
   25 4 0.086456 
   9 4 0.231874 
   22 4 0.045905 
   30 4 0.050536 
   11 4 0.785673 
   20 4 0.003000 
   14 4 0.586044 
   29 4 0.006538 
   3 4 0.863319 
   7 4 0.076335 
   15 4 0.212750 
   24 4 0.130921 
   16 4 0.250412 
   28 4 0.031189 
   17 4 0.635813 
   31 4 0.105433 
   8 4 0.884238 
   23 4 0.088461 
   0 5 0.190029 
   1 5 0.121074 
   3 5 0.380864 
   4 5 0.073015 
   2 5 0.324978 
   9 5 0.585393 
   7 5 0.036393 
   8 5 0.203602 
   5 5 0.050530 
   22 5 0.073199 
   6 5 0.117214 
   23 5 0.107647 
   15 5 0.852648 
   11 5 0.489691 
   12 5 -0.004959 
   10 5 0.229377 
   27 5 0.182637 
   14 5 0.804768 
   16 5 -0.028002 
   28 5 0.077506 
   20 5 0.044821 
   18 5 0.046859 
   21 5 0.065874 
   24 5 0.154850 
   19 5 0.036675 
   13 5 0.164048 
   25 5 0.159697 
   17 5 0.870225 
   29 5 0.027029 
   30 5 0.067421 
   31 5 0.193204 
   26 5 0.087708 
3 1833607 5 blue_div7/14 14680.000000 18 14680.000000 1 9 5 8690.000000
2 1833713 5 blue_div6/18 14680.000000 20 14680.000000 1 8 0 8690.000000
10 1833765 5 blue_div6/11 12240.000000 5 12240.000000 1 18 8 8690.000000
10 1841831 blue_div6/11 12240.000000 5 8690.000000
2 1843330 blue_div6/18 14680.000000 20 8690.000000
3 1865062 blue_div7/14 14680.000000 18 10350.000000
   0 6 0.249777 
   1 6 0.192589 
   2 6 0.244353 
   3 6 0.124867 
   4 6 0.087201 
   5 6 0.149454 
   7 6 0.055921 
   8 6 0.236630 
   6 6 0.075988 
   9 6 0.250687 
   10 6 0.317170 
   13 6 0.189519 
   11 6 0.390990 
   23 6 0.098460 
   12 6 0.118642 
   15 6 0.377021 
   16 6 0.281594 
   14 6 0.095902 
   18 6 0.007296 
   22 6 0.086591 
   21 6 0.008434 
   20 6 0.035629 
   27 6 0.006371 
0 1903228 6 blue_div4/10 14600.000000 28 14600.000000 1 10 3 13460.000000
   28 6 0.029628 
   17 6 0.296716 
   24 6 -0.005197 
   19 6 0.180132 
   25 6 0.050691 
   26 6 0.225364 
   30 6 0.016181 
   29 6 0.009095 
   31 6 0.161702 
9 1902784 6 red_div4/4 15740.000000 30 999999999.000000 2 1 2 13460.000000
15 1902816 6 blue_div3/16 15260.000000 21 15260.000000 1 4 0 13460.000000
11 1903149 6 blue_div7/15 15880.000000 18 15880.000000 1 14 0 13460.000000
2 1903166 6 blue_div6/10 15220.000000 20 15220.000000 1 6 0 13460.000000
16 1904381 6 blue_div4/12 15220.000000 29 15220.000000 1 13 0 13460.000000
15 1904574 blue_div3/16 15260.000000 21 13460.000000
9 1904773 red_div4/4 15740.000000 30 13460.000000
17 1904786 6 blue_div5/16 15280.000000 27 15280.000000 1 4 0 13460.000000
10 1906474 6 blue_div6/15 15870.000000 24 15870.000000 1 15 0 13460.000000
17 1912271 blue_div5/16 15280.000000 27 14560.000000
10 1915717 blue_div6/15 15870.000000 24 14560.000000
2 1916228 blue_div6/10 15220.000000 20 14560.000000
0 1916940 blue_div4/10 14600.000000 28 14560.000000
16 1918309 blue_div4/12 15220.000000 29 14560.000000
11 1921322 blue_div7/15 15880.000000 18 14560.000000
   0 7 0.332460 
   1 7 0.338418 
   2 7 0.442081 
   3 7 0.268252 
   4 7 0.210971 
   5 7 0.169715 
   6 7 0.115494 
   10 7 0.341029 
   7 7 0.074353 
   12 7 0.163885 
   9 7 0.160429 
   11 7 0.308333 
   8 7 0.288545 
   13 7 0.319386 
   14 7 0.110147 
   15 7 0.284190 
   21 7 0.106485 
   20 7 0.226150 
   16 7 0.483725 
   22 7 0.034875 
0 1970148 7 blue_div4/14 22440.000000 21 22440.000000 1 4 5 18250.000000
   19 7 0.249813 
   17 7 0.626184 
   18 7 0.302281 
   24 7 0.257421 
   27 7 0.258294 
   23 7 0.086025 
   26 7 0.360062 
   25 7 0.226146 
   28 7 0.175076 
   30 7 0.091116 
   29 7 0.083965 
   31 7 0.128111 
16 1969839 7 blue_div4/4 21140.000000 7 21140.000000 1 8 0 18250.000000
26 1969898 7 blue_div6/13 21250.000000 29 21250.000000 1 8 0 18250.000000
17 1969942 7 blue_div5/4 20570.000000 22 20570.000000 1 10 6 18250.000000
13 1970010 7 red_div4/16 21860.000000 14 999999999.000000 2 1 1 18250.000000
1 1970102 7 blue_div5/14 22031.000000 6 22031.000000 1 2 0 18250.000000
2 1970149 7 blue_div6/2 21140.000000 23 21140.000000 1 7 3 18250.000000
13 1971198 red_div4/16 21860.000000 14 18250.000000
1 1971827 blue_div5/14 22031.000000 6 18250.000000
2 1972550 blue_div6/2 21140.000000 23 18250.000000
10 1974019 7 G0,10 22010.000000 30 22010.000000 1 3 1 18250.000000
16 1974423 blue_div4/4 21140.000000 7 18250.000000
17 1974753 blue_div5/4 20570.000000 22 18250.000000
0 1976035 blue_div4/14 22440.000000 21 18250.000000
10 1976807 G0,10 22010.000000 30 18250.000000
26 1977617 blue_div6/13 21250.000000 29 18250.000000
   0 8 0.187206 
   1 8 0.282122 
   2 8 0.286233 
   3 8 0.342090 
   5 8 0.208299 
   6 8 0.176847 
   4 8 0.102840 
   7 8 0.183447 
   8 8 0.199946 
   11 8 0.332204 
   12 8 0.183631 
   13 8 -0.115218 
   9 8 0.166088 
   10 8 0.305197 
   15 8 0.311820 
   14 8 0.168296 
   23 8 0.289834 
   20 8 0.283080 
   22 8 0.225343 
   19 8 0.302055 
   17 8 0.174030 
   28 8 0.196245 
   18 8 0.427744 
   16 8 0.296987 
   21 8 0.217389 
   26 8 0.417489 
   24 8 0.368344 
   25 8 0.336656 
   27 8 0.407740 
   29 8 0.147450 
   30 8 0.149507 
   31 8 0.287249 
26 2036287 8 blue_div6/17 26100.000000 4 26100.000000 1 10 1 24140.000000
25 2036300 8 blue_div5/5 26580.000000 6 26580.000000 1 13 7 24140.000000
27 2036317 8 blue_div7/5 25980.000000 29 25980.000000 1 11 1 24140.000000
24 2036324 8 blue_div4/13 26630.000000 30 26630.000000 1 11 5 24140.000000
18 2036335 8 blue_div6/8 26000.000000 13 26000.000000 1 6 2 24140.000000
15 2036551 8 blue_div3/12 27220.000000 17 27220.000000 1 13 0 24140.000000
11 2036603 8 blue_div7/3 27170.000000 14 27170.000000 1 4 0 24140.000000
3 2036710 8 blue_div7/10 26640.000000 9 26640.000000 1 5 4 24140.000000
18 2038839 blue_div6/8 26000.000000 13 24140.000000
11 2039543 blue_div7/3 27170.000000 14 24140.000000
3 2041495 blue_div7/10 26640.000000 9 25940.000000
26 2041726 blue_div6/17 26100.000000 4 25940.000000
24 2043879 blue_div4/13 26630.000000 30 25940.000000
27 2044010 blue_div7/5 25980.000000 29 25940.000000
25 2044225 blue_div5/5 26580.000000 6 25940.000000
15 2045533 blue_div3/12 27220.000000 17 25940.000000
   0 9 0.203900 
   2 9 0.299151 
   1 9 0.280193 
   5 9 0.268226 
   3 9 0.251815 
   4 9 0.286424 
   7 9 0.202632 
   12 9 0.225354 
   6 9 0.329673 
   11 9 0.318120 
   10 9 0.288361 
   9 9 0.285654 
   15 9 0.309029 
   8 9 0.292876 
   13 9 0.200616 
   21 9 0.289233 
   19 9 0.365753 
   20 9 0.313874 
   23 9 0.372256 
   16 9 0.343536 
   24 9 0.389954 
   22 9 0.278136 
   14 9 0.294038 
   27 9 0.469072 
   18 9 0.453168 
   28 9 0.252515 
   17 9 0.269020 
   26 9 0.445210 
   30 9 0.245481 
   29 9 0.249925 
   25 9 0.360947 
   31 9 0.350342 
31 2102729 9 red_div4/6 34360.000000 28 34360.000000 1 3 0 32540.000000
26 2102958 9 blue_div6/5 33770.000000 13 33770.000000 1 8 0 32540.000000
27 2102966 9 blue_div7/9 33220.000000 0 33220.000000 1 9 0 32540.000000
25 2103038 9 red_div8/8 33800.000000 3 33800.000000 1 9 3 32540.000000
18 2103035 9 blue_div6/16 33280.000000 7 33280.000000 1 3 0 32540.000000
19 2103061 9 blue_div7/12 33850.000000 30 33850.000000 1 12 0 32540.000000
23 2103090 9 blue_div3/5 33750.000000 29 33750.000000 1 9 4 32540.000000
24 2103169 9 blue_div4/5 33750.000000 12 33750.000000 1 9 2 32540.000000
31 2104617 red_div4/6 34360.000000 28 32540.000000
18 2104833 blue_div6/16 33280.000000 7 32540.000000
25 2106871 red_div8/8 33800.000000 3 32540.000000
26 2107651 blue_div6/5 33770.000000 13 32540.000000
27 2108542 blue_div7/9 33220.000000 0 32540.000000
23 2109906 blue_div3/5 33750.000000 29 32540.000000
24 2110203 blue_div4/5 33750.000000 12 32540.000000
19 2111133 blue_div7/12 33850.000000 30 32540.000000
   0 10 0.315142 
   1 10 0.287203 
   2 10 0.342682 
   3 10 0.408740 
   4 10 0.347153 
   7 10 0.303075 
   8 10 0.319737 
   6 10 0.374047 
   5 10 0.308144 
   15 10 0.327255 
   9 10 0.318081 
   13 10 0.292743 
   23 10 0.359946 
   14 10 0.302504 
   11 10 0.350922 
   10 10 0.321666 
   16 10 0.372077 
   12 10 0.307891 
   24 10 0.385939 
   28 10 0.332691 
   20 10 0.364013 
   21 10 0.310727 
   22 10 0.300410 
   18 10 0.400415 
   17 10 0.279659 
   19 10 0.327036 
   27 10 0.439727 
   26 10 0.420143 
   25 10 0.332400 
   30 10 0.334470 
   29 10 0.337344 
   31 10 0.332094 
27 2169397 10 blue_div7/13 41070.000000 17 41070.000000 1 7 0 38570.000000
24 2169399 10 red_div6/11 41630.000000 7 41630.000000 1 13 10 38570.000000
16 2169435 10 red_div7/16 41080.000000 14 41080.000000 1 2 0 38570.000000
26 2169506 10 blue_div6/9 41610.000000 1 41610.000000 1 7 0 38570.000000
20 2169552 10 red_div5/2 41540.000000 22 41540.000000 1 1 0 38570.000000
3 2169658 10 red_div8/8 42210.000000 13 42210.000000 1 6 0 38570.000000
18 2169665 10 blue_div6/4 41560.000000 5 41560.000000 1 2 0 38570.000000
6 2169929 10 red_div9/12 41650.000000 12 41650.000000 1 12 0 38570.000000
16 2170693 red_div7/16 41080.000000 14 38570.000000
20 2170930 red_div5/2 41540.000000 22 38570.000000
18 2171291 blue_div6/4 41560.000000 5 38570.000000
26 2172479 blue_div6/9 41610.000000 1 38570.000000
3 2173160 red_div8/8 42210.000000 13 38570.000000
27 2174544 blue_div7/13 41070.000000 17 41060.000000
6 2179492 red_div9/12 41650.000000 12 41060.000000
24 2179551 red_div6/11 41630.000000 7 41060.000000
   0 11 0.334576 
   1 11 0.413233 
   2 11 0.345762 
   3 11 0.368067 
   4 11 0.349181 
   9 11 0.336422 
   6 11 0.364835 
   7 11 0.363189 
   5 11 0.359945 
   8 11 0.351839 
   10 11 0.347335 
   15 11 0.365740 
   23 11 0.371797 
   22 11 0.361154 
   21 11 0.346804 
   13 11 0.358647 
   12 11 0.379228 
   14 11 0.373777 
   24 11 0.346070 
   16 11 0.381262 
   11 11 0.376220 
   27 11 0.374222 
   18 11 0.374482 
   17 11 0.374916 
   28 11 0.361643 
   19 11 0.347640 
   20 11 0.371478 
   30 11 0.365048 
   25 11 0.338221 
   26 11 0.340410 
   31 11 0.358915 
   29 11 0.379761 
20 2236097 11 blue_corps5 49570.000000 21 49570.000000 1 16 23 48200.000000
12 2236183 11 red_div6/7 49400.000000 2 49400.000000 1 1 0 48200.000000
16 2236211 11 red_corps5 49570.000000 9 49570.000000 1 7 0 48200.000000
18 2236248 11 red_corps11 49890.000000 19 49890.000000 1 51 81 48200.000000
17 2236279 11 red_corps8 49850.000000 10 49850.000000 1 15 27 48200.000000
11 2236301 11 red_div5/7 49990.000000 25 49990.000000 1 1 0 48200.000000
14 2236328 11 red_div6/13 48850.000000 4 999999999.000000 2 1 1 48200.000000
1 2236425 11 red_div7/3 49960.000000 0 49960.000000 1 2 0 48200.000000
12 2237361 red_div6/7 49400.000000 2 48200.000000
11 2237674 red_div5/7 49990.000000 25 48200.000000
14 2237720 red_div6/13 48850.000000 4 48200.000000
16 2238672 red_corps5 49570.000000 9 48200.000000
1 2241091 red_div7/3 49960.000000 0 48200.000000
17 2249101 red_corps8 49850.000000 10 50590.000000
20 2249889 blue_corps5 49570.000000 21 50590.000000
18 2298592 red_corps11 49890.000000 19 54810.000000
   0 12 0.375875 
   2 12 0.377046 
   1 12 0.399425 
   3 12 0.361508 
   6 12 0.360671 
   4 12 0.363289 
   5 12 0.357908 
   13 12 0.373164 
   8 12 0.348548 
   7 12 0.360956 
   11 12 0.365979 
   9 12 0.358415 
   14 12 0.357934 
   12 12 0.361067 
   18 12 0.349212 
   10 12 0.369232 
   15 12 0.360652 
   17 12 0.371109 
   20 12 0.337668 
   16 12 0.353521 
   23 12 0.362462 
   22 12 0.360660 
   25 12 0.355185 
0 2302710 12 red_div7/3 57760.000000 26 57760.000000 1 1 0 54810.000000
   24 12 0.345250 
   19 12 0.344133 
   21 12 0.354471 
   28 12 0.362907 
   26 12 0.332295 
   27 12 0.358966 
   29 12 0.372154 
0 2303841 red_div7/3 57760.000000 26 54810.000000
   30 12 0.371545 
   31 12 0.361901 
30 2302166 12 red_corps15 57570.000000 5 57570.000000 1 10 74 54810.000000
29 2302317 12 red_corps12 58570.000000 24 58570.000000 1 11 103 54810.000000
13 2302611 12 red_div5/13 57250.000000 18 999999999.000000 2 1 1 54810.000000
1 2302668 12 red_div5/9 57210.000000 20 999999999.000000 2 2 3 54810.000000
2 2302805 12 red_div6/7 57190.000000 8 999999999.000000 2 1 2 54810.000000
13 2304112 red_div5/13 57250.000000 18 54810.000000
2 2304752 red_div6/7 57190.000000 8 57230.000000
1 2305491 red_div5/9 57210.000000 20 57230.000000
30 2327117 red_corps15 57570.000000 5 58990.000000
29 2335230 red_corps12 58570.000000 24 58990.000000
   0 13 0.332768 
   1 13 0.363046 
   3 13 0.348809 
   2 13 0.364303 
   4 13 0.358649 
   7 13 0.353685 
   8 13 0.362058 
   5 13 0.371171 
   10 13 0.360063 
   6 13 0.352004 
   9 13 0.343502 
   15 13 0.350969 
   16 13 0.341483 
   12 13 0.355210 
   11 13 0.353936 
   21 13 0.350564 
   23 13 0.366885 
   24 13 0.349549 
   13 13 0.335471 
   14 13 0.348548 
   22 13 0.359236 
   27 13 0.361049 
   20 13 0.366620 
   19 13 0.353896 
   28 13 0.361119 
   17 13 0.372486 
   30 13 0.352071 
   18 13 0.373821 
   25 13 0.349453 
   26 13 0.355795 
   31 13 0.355366 
   29 13 0.352560 
20 2368803 13 blue_corps13 65980.000000 25 65980.000000 1 4 5 64420.000000
17 2368824 13 red_div9/13 66260.000000 13 66260.000000 1 1 0 64420.000000
18 2368827 13 red_div5/13 65650.000000 3 999999999.000000 2 1 2 64420.000000
8 2368868 13 red_corps13 65980.000000 16 65980.000000 1 3 0 64420.000000
5 2368951 13 red_corps4 66150.000000 0 66150.000000 1 2 0 64420.000000
10 2369044 13 red_corps8 66110.000000 24 66110.000000 1 5 3 64420.000000
17 2369834 red_div9/13 66260.000000 13 64420.000000
18 2370359 red_div5/13 65650.000000 3 64420.000000
8 2371383 red_corps13 65980.000000 16 64420.000000
5 2372125 red_corps4 66150.000000 0 64420.000000
20 2373250 blue_corps13 65980.000000 25 64420.000000
10 2378811 red_corps8 66110.000000 24 64420.000000
   0 14 0.366961 
   1 14 0.352725 
   2 14 0.351534 
   5 14 0.362972 
   4 14 0.375368 
   3 14 0.385641 
   6 14 0.358265 
   9 14 0.361407 
   7 14 0.357110 
   10 14 0.368905 
   13 14 0.395802 
   12 14 0.357845 
   8 14 0.366241 
   22 14 0.364099 
   11 14 0.358676 
   15 14 0.371522 
   14 14 0.365359 
   21 14 0.363422 
   19 14 0.337438 
   16 14 0.366431 
   18 14 0.344390 
   23 14 0.369772 
   27 14 0.368354 
   24 14 0.366884 
   20 14 0.355745 
   28 14 0.361198 
   26 14 0.386662 
   17 14 0.311033 
   30 14 0.363692 
   29 14 0.357052 
   25 14 0.366021 
   31 14 0.359355 
3 2435402 14 red_div8/6 73990.000000 19 73990.000000 1 1 0 71110.000000
15 2435406 14 red_corps2 74890.000000 2 74890.000000 1 2 0 71110.000000
26 2435424 14 red_div6/17 73490.000000 18 999999999.000000 2 1 1 71110.000000
13 2435470 14 red_div6/10 74020.000000 17 74020.000000 1 1 0 71110.000000
4 2435592 14 blue_corps15 73510.000000 1 73510.000000 1 3 0 71110.000000
15 2436673 red_corps2 74890.000000 2 71110.000000
3 2436690 red_div8/6 73990.000000 19 71110.000000
13 2436932 red_div6/10 74020.000000 17 71110.000000
4 2437286 blue_corps15 73510.000000 1 71110.000000
26 2437568 red_div6/17 73490.000000 18 71110.000000
   0 15 0.359316 
   1 15 0.373482 
   3 15 0.348174 
   2 15 0.369836 
   4 15 0.360723 
   7 15 0.371718 
   8 15 0.352026 
   6 15 0.359829 
   5 15 0.356202 
   10 15 0.359526 
   9 15 0.350725 
   15 15 0.343965 
   23 15 0.370209 
   13 15 0.350850 
   12 15 0.363551 
   21 15 0.347615 
   14 15 0.351731 
   16 15 0.354319 
   11 15 0.357740 
   24 15 0.388251 
   28 15 0.361810 
   27 15 0.356659 
   19 15 0.386302 
   18 15 0.394196 
   17 15 0.371634 
   22 15 0.357813 
   25 15 0.374596 
   26 15 0.341771 
   30 15 0.353011 
   20 15 0.347252 
   29 15 0.353715 
   31 15 0.363292 
24 2501747 15 red_corps12 81450.000000 20 81450.000000 1 18 51 80680.000000
19 2501827 15 red_corps14 88090.000000 15 88090.000000 1 36 146 80680.000000
23 2501834 15 red_div6/8 81810.000000 5 81810.000000 1 1 0 80680.000000
18 2501855 15 red_div10/13 81860.000000 3 81860.000000 1 1 1 80680.000000
25 2501878 15 blue_corps13 82710.000000 6 82710.000000 1 2 0 80680.000000
1 2501893 15 blue_corps15 88210.000000 21 88210.000000 1 1 0 80680.000000
7 2501934 15 red_corps10 82610.000000 26 82610.000000 1 5 0 80680.000000
18 2503173 red_div10/13 81860.000000 3 80680.000000
23 2503215 red_div6/8 81810.000000 5 80680.000000
25 2503495 blue_corps13 82710.000000 6 80680.000000
1 2503625 blue_corps15 88210.000000 21 80680.000000
7 2504339 red_corps10 82610.000000 26 80680.000000
24 2527325 red_corps12 81450.000000 20 83000.000000
19 2542987 red_corps14 88090.000000 15 85460.000000
   0 16 0.365455 
   1 16 0.374646 
   2 16 0.387759 
   3 16 0.387985 
   4 16 0.371889 
   5 16 0.382833 
   6 16 0.369982 
   7 16 0.351793 
   8 16 0.359401 
   13 16 0.364397 
   10 16 0.351620 
   11 16 0.349849 
   23 16 0.353928 
   16 16 0.362557 
   12 16 0.361746 
   14 16 0.354632 
   9 16 0.360577 
   18 16 0.368656 
   15 16 0.346786 
   28 16 0.370869 
   20 16 0.379506 
   19 16 0.386938 
   22 16 0.357774 
   21 16 0.357305 
   17 16 0.380060 
   25 16 0.362480 
   24 16 0.381550 
   26 16 0.358307 
   29 16 0.358499 
   27 16 0.363843 
   31 16 0.361928 
   30 16 0.358464 
24 2572056 16 red_corps8 90450.000000 14 90450.000000 1 4 0 87880.000000
3 2572235 16 red_div5/13 90850.000000 15 90850.000000 1 1 0 87880.000000
19 2572261 16 red_corps11 95040.000000 10 95040.000000 1 20 30 87880.000000
5 2572324 16 red_corps15 95560.000000 7 95560.000000 1 3 14 87880.000000
2 2572387 16 red_div6/9 90810.000000 11 999999999.000000 2 1 1 87880.000000
4 2572458 16 red_corps1 91490.000000 22 91490.000000 1 4 0 87880.000000
3 2573629 red_div5/13 90850.000000 15 87880.000000
2 2573807 red_div6/9 90810.000000 11 87880.000000
4 2574153 red_corps1 91490.000000 22 87880.000000
24 2574322 red_corps8 90450.000000 14 87880.000000
5 2578024 red_corps15 95560.000000 7 90200.000000
19 2588108 red_corps11 95040.000000 10 90200.000000
   0 17 0.365267 
   1 17 0.375146 
   2 17 0.339958 
   3 17 0.374522 
   5 17 0.374108 
   4 17 0.357319 
   7 17 0.351735 
   6 17 0.383621 
   11 17 0.393822 
   8 17 0.357019 
   12 17 0.369138 
   10 17 0.363886 
   20 17 0.386287 
   13 17 0.368980 
   16 17 0.374509 
   14 17 0.371770 
   23 17 0.353996 
   15 17 0.388116 
   9 17 0.363668 
   21 17 0.378529 
   18 17 0.362359 
   26 17 0.361473 
   19 17 0.366256 
   24 17 0.358532 
   17 17 0.376781 
   22 17 0.367892 
   28 17 0.370894 
   27 17 0.365936 
   25 17 0.368249 
   29 17 0.364017 
   30 17 0.363391 
   31 17 0.366301 
20 2638081 17 blue_corps9 102070.000000 8 102070.000000 1 1 0 97400.000000
11 2638211 17 red_div6/9 98610.000000 2 98610.000000 1 2 0 97400.000000
3 2638436 17 red_div5/15 99270.000000 24 99270.000000 1 1 0 97400.000000
6 2638431 17 red_corps7 98990.000000 4 98990.000000 1 4 0 97400.000000
15 2638428 17 red_corps14 102770.000000 7 102770.000000 1 30 130 97400.000000
20 2639080 blue_corps9 102070.000000 8 97400.000000
3 2639558 red_div5/15 99270.000000 24 97400.000000
11 2639886 red_div6/9 98610.000000 2 97400.000000
6 2640710 red_corps7 98990.000000 4 97400.000000
15 2684041 red_corps14 102770.000000 7 102160.000000
   0 18 0.377297 
   1 18 0.361914 
   2 18 0.377939 
   4 18 0.364302 
   5 18 0.359847 
   6 18 0.366720 
   3 18 0.360160 
   11 18 0.371368 
   9 18 0.361419 
   12 18 0.368142 
   10 18 0.362146 
   14 18 0.378134 
   7 18 0.370043 
   20 18 0.371220 
   22 18 0.384707 
   13 18 0.349119 
   8 18 0.364481 
   19 18 0.365675 
   21 18 0.376368 
   15 18 0.388875 
   27 18 0.367439 
   18 18 0.365506 
0 2704920 18 red_corps4 107950.000000 23 107950.000000 1 1 0 103940.000000
   17 18 0.372633 
   24 18 0.364644 
   30 18 0.366373 
   16 18 0.376175 
   23 18 0.353917 
   26 18 0.354562 
   25 18 0.362171 
0 2707020 red_corps4 107950.000000 23 106940.000000
   29 18 0.362102 
   28 18 0.367720 
   31 18 0.365529 
16 2704536 18 red_corps13 107110.000000 6 107110.000000 1 4 0 103940.000000
15 2704531 18 red_div5/13 106450.000000 13 999999999.000000 2 1 1 103940.000000
22 2704631 18 red_div5/8 107010.000000 5 107010.000000 1 1 0 103940.000000
14 2704706 18 red_corps8 109210.000000 4 109210.000000 1 1 0 103940.000000
2 2704956 18 red_corps2 107910.000000 26 107910.000000 1 6 0 103940.000000
22 2706276 red_div5/8 107010.000000 5 106940.000000
14 2706743 red_corps8 109210.000000 4 106940.000000
15 2706509 red_div5/13 106450.000000 13 106940.000000
2 2707608 red_corps2 107910.000000 26 106940.000000
16 2707684 red_corps13 107110.000000 6 106940.000000
   0 19 0.345279 
   1 19 0.366764 
   2 19 0.371166 
   4 19 0.358644 
   3 19 0.338049 
   5 19 0.377209 
   9 19 0.359442 
   10 19 0.373999 
   6 19 0.371417 
   11 19 0.362057 
   12 19 0.358712 
   22 19 0.364292 
   7 19 0.383158 
   13 19 0.368385 
   20 19 0.362528 
   8 19 0.378780 
   14 19 0.354329 
   15 19 0.360001 
   21 19 0.371697 
   17 19 0.362516 
   18 19 0.350468 
   19 19 0.358494 
   16 19 0.345988 
   27 19 0.363317 
   24 19 0.355451 
   23 19 0.374045 
   26 19 0.372128 
   30 19 0.355653 
   25 19 0.356509 
   28 19 0.364346 
   29 19 0.361812 
   31 19 0.366728 
23 2771537 19 red_corps4 115490.000000 18 115490.000000 1 3 0 113100.000000
8 2771624 19 blue_corps9 115590.000000 9 115590.000000 1 6 0 113100.000000
7 2771650 19 red_div9/15 115480.000000 3 115480.000000 1 1 0 113100.000000
21 2771680 19 blue_corps15 115750.000000 14 115750.000000 1 4 0 113100.000000
5 2771708 19 red_div6/8 115410.000000 16 115410.000000 1 1 0 113100.000000
10 2771730 19 red_corps11 116970.000000 12 116970.000000 1 3 2 113100.000000
6 2771775 19 blue_corps13 117290.000000 4 117290.000000 1 1 0 113100.000000
7 2772761 red_div9/15 115480.000000 3 113100.000000
5 2772798 red_div6/8 115410.000000 16 113100.000000
6 2773212 blue_corps13 117290.000000 4 113100.000000
23 2773399 red_corps4 115490.000000 18 113100.000000
8 2773648 blue_corps9 115590.000000 9 113100.000000
10 2773696 red_corps11 116970.000000 12 113100.000000
21 2773736 blue_corps15 115750.000000 14 113100.000000
   0 20 0.327192 
   1 20 0.345440 
   2 20 0.342335 
   3 20 0.363736 
   4 20 0.373381 
   5 20 0.345818 
   6 20 0.347510 
   9 20 0.353301 
   11 20 0.347011 
   10 20 0.342958 
   8 20 0.340535 
   7 20 0.333233 
   12 20 0.356394 
   13 20 0.362439 
   14 20 0.363066 
   22 20 0.339793 
   15 20 0.322685 
   23 20 0.341954 
   20 20 0.339282 
   19 20 0.340950 
   16 20 0.353293 
   18 20 0.364183 
   24 20 0.357223 
   28 20 0.355529 
   21 20 0.350569 
   17 20 0.354532 
   27 20 0.358324 
   26 20 0.343019 
   25 20 0.343689 
   30 20 0.344680 
   29 20 0.339013 
   31 20 0.344544 
9 2838113 20 blue_corps9 123230.000000 29 123230.000000 1 5 0 122070.000000
4 2838204 20 red_div7/12 123240.000000 0 123240.000000 1 1 0 122070.000000
18 2838226 20 red_corps4 123090.000000 22 123090.000000 1 11 5 122070.000000
13 2838350 20 red_div5/13 123250.000000 7 999999999.000000 2 1 1 122070.000000
3 2838379 20 red_div4/18 123280.000000 15 123280.000000 1 1 0 122070.000000
14 2838453 20 blue_corps15 123330.000000 20 123330.000000 1 2 0 122070.000000
12 2838531 20 red_corps11 123290.000000 1 123290.000000 1 6 0 122070.000000
3 2839863 red_div4/18 123280.000000 15 122070.000000
13 2839907 red_div5/13 123250.000000 7 122070.000000
14 2840244 blue_corps15 123330.000000 20 122070.000000
9 2840612 blue_corps9 123230.000000 29 122070.000000
12 2840742 red_corps11 123290.000000 1 122070.000000
18 2841548 red_corps4 123090.000000 22 122070.000000
4 2845312 red_div7/12 123240.000000 0 122070.000000
   0 21 0.365163 
   1 21 0.355510 
   2 21 0.348571 
   3 21 0.346666 
   5 21 0.346934 
   4 21 0.357670 
   7 21 0.335344 
   6 21 0.344590 
   8 21 0.341108 
   12 21 0.341543 
   15 21 0.363721 
   9 21 0.343464 
   11 21 0.346297 
   23 21 0.328003 
   16 21 0.355292 
   13 21 0.342874 
   14 21 0.336364 
   10 21 0.345761 
   19 21 0.338747 
   24 21 0.356412 
   22 21 0.351652 
0 2904629 21 red_div7/12 131040.000000 23 131040.000000 1 1 0 128660.000000
   20 21 0.360802 
   18 21 0.351362 
   28 21 0.347526 
   17 21 0.360192 
   21 21 0.337403 
0 2905552 red_div7/12 131040.000000 23 128660.000000
   26 21 0.353606 
   27 21 0.344553 
   25 21 0.348073 
   30 21 0.336793 
   29 21 0.347434 
   31 21 0.346594 
20 2904375 21 blue_corps15 130970.000000 19 130970.000000 1 4 0 128660.000000
15 2904521 21 red_div4/18 131080.000000 7 131080.000000 1 2 0 128660.000000
4 2904542 21 red_corps8 131010.000000 30 131010.000000 1 4 0 128660.000000
1 2904594 21 red_corps11 131590.000000 21 131590.000000 1 1 0 128660.000000
1 2905885 red_corps11 131590.000000 21 128660.000000
15 2906001 red_div4/18 131080.000000 7 128660.000000
4 2906330 red_corps8 131010.000000 30 128660.000000
20 2906453 blue_corps15 130970.000000 19 128660.000000
   0 22 0.338807 
   2 22 0.359947 
   1 22 0.363715 
   3 22 0.348924 
   6 22 0.357026 
   5 22 0.358096 
   4 22 0.338727 
   7 22 0.403673 
   8 22 0.349603 
   13 22 0.347570 
   9 22 0.354944 
   18 22 0.354103 
   10 22 0.355146 
   22 22 0.397543 
   14 22 0.357531 
   23 22 0.386442 
   15 22 0.358948 
   16 22 0.351666 
   12 22 0.354794 
   11 22 0.355785 
   25 22 0.357145 
   27 22 0.353564 
   21 22 0.365854 
   19 22 0.379170 
   17 22 0.351297 
   24 22 0.360319 
   28 22 0.356179 
   20 22 0.362531 
   26 22 0.368820 
   30 22 0.372436 
   29 22 0.381907 
   31 22 0.350189 
30 2970787 22 red_corps8 145610.000000 2 145610.000000 1 1 0 137690.000000
29 2970848 22 blue_corps9 145810.000000 8 145810.000000 1 1 0 137690.000000
20 2970942 22 blue_corps1 139470.000000 6 139470.000000 1 3 0 137690.000000
23 2970964 22 red_div7/12 138850.000000 3 138850.000000 1 1 0 137690.000000
22 2970993 22 red_div5/2 139340.000000 4 999999999.000000 2 1 1 137690.000000
19 2971092 22 blue_corps15 139660.000000 13 139660.000000 1 1 4 137690.000000
7 2971190 22 red_div6/11 139430.000000 0 139430.000000 1 1 0 137690.000000
30 2972071 red_corps8 145610.000000 2 137690.000000
29 2972218 blue_corps9 145810.000000 8 137690.000000
23 2972317 red_div7/12 138850.000000 3 137690.000000
22 2972726 red_div5/2 139340.000000 4 137690.000000
20 2972997 blue_corps1 139470.000000 6 137690.000000
19 2973076 blue_corps15 139660.000000 13 137690.000000
7 2974322 red_div6/11 139430.000000 0 137690.000000
   0 23 0.386988 
   1 23 0.371331 
   2 23 0.371821 
   3 23 0.386003 
   5 23 0.367413 
   4 23 0.388834 
   6 23 0.366655 
   11 23 0.373554 
   12 23 0.382113 
   9 23 0.369641 
   8 23 0.372762 
   7 23 0.361636 
   10 23 0.373655 
   20 23 0.360112 
   22 23 0.352368 
   19 23 0.364360 
   13 23 0.370849 
   14 23 0.368417 
   23 23 0.358607 
   21 23 0.379560 
   16 23 0.378751 
   15 23 0.359869 
   27 23 0.374123 
0 3038210 23 red_div6/11 147230.000000 15 147230.000000 1 1 0 144870.000000
   17 23 0.381668 
   26 23 0.386123 
   24 23 0.376756 
   18 23 0.358341 
   28 23 0.377975 
   29 23 0.376702 
   30 23 0.384210 
   25 23 0.365364 
   31 23 0.383904 
31 3037639 23 red_corps18 148330.000000 9 148330.000000 1 2 0 144870.000000
0 3039590 red_div6/11 147230.000000 15 144870.000000
26 3037932 23 red_corps2 151630.000000 6 151630.000000 1 1 0 144870.000000
4 3038035 23 red_div6/13 147250.000000 22 147250.000000 1 1 0 144870.000000
3 3038096 23 red_div9/15 147880.000000 18 147880.000000 1 1 0 144870.000000
12 3038245 23 blue_corps16 147431.000000 23 147431.000000 1 3 0 144870.000000
3 3039558 red_div9/15 147880.000000 18 144870.000000
4 3039581 red_div6/13 147250.000000 22 144870.000000
12 3039620 blue_corps16 147431.000000 23 144870.000000
26 3039796 red_corps2 151630.000000 6 144870.000000
31 3040639 red_corps18 148330.000000 9 144870.000000
   0 24 0.346490 
   1 24 0.370040 
   2 24 0.394435 
   3 24 0.367165 
   5 24 0.372992 
   4 24 0.375519 
   7 24 0.375916 
   6 24 0.388783 
   9 24 0.365587 
   15 24 0.386180 
   12 24 0.353813 
   10 24 0.354850 
   13 24 0.389584 
   8 24 0.372838 
   14 24 0.367594 
   11 24 0.363678 
   22 24 0.363759 
   19 24 0.361923 
   16 24 0.387543 
   21 24 0.379623 
   27 24 0.373831 
   24 24 0.371006 
   18 24 0.399331 
   20 24 0.360914 
   26 24 0.368532 
   23 24 0.372778 
   17 24 0.384095 
   28 24 0.375268 
   29 24 0.368000 
   30 24 0.367136 
   25 24 0.372622 
   31 24 0.354956 
16 3104637 24 red_div6/8 155600.000000 9 999999999.000000 2 1 2 154360.000000
18 3104779 24 red_div9/15 156280.000000 10 156280.000000 1 1 0 154360.000000
6 3104865 24 red_corps13 161270.000000 12 161270.000000 1 1 0 154360.000000
13 3104872 24 blue_corps15 156370.000000 31 156370.000000 1 2 0 154360.000000
2 3105026 24 red_div6/9 156210.000000 0 156210.000000 1 2 0 154360.000000
6 3106023 red_corps13 161270.000000 12 154360.000000
18 3106247 red_div9/15 156280.000000 10 154360.000000
16 3106367 red_div6/8 155600.000000 9 154360.000000
13 3106498 blue_corps15 156370.000000 31 154360.000000
2 3108656 red_div6/9 156210.000000 0 154360.000000
   0 25 0.396154 
   1 25 0.377293 
   2 25 0.360673 
   3 25 0.357056 
   5 25 0.371504 
   4 25 0.372235 
   6 25 0.392083 
   7 25 0.390333 
   8 25 0.391654 
   12 25 0.361788 
   9 25 0.408331 
   10 25 0.402168 
   13 25 0.369604 
   23 25 0.390988 
   14 25 0.371083 
   19 25 0.375368 
   16 25 0.361324 
   11 25 0.373920 
   15 25 0.400710 
0 3172440 25 red_div6/9 164610.000000 13 164610.000000 1 1 0 164050.000000
   22 25 0.379619 
   18 25 0.374374 
   24 25 0.379515 
   20 25 0.370155 
   26 25 0.374479 
   21 25 0.381006 
   17 25 0.379069 
   28 25 0.384191 
   27 25 0.376858 
   25 25 0.371435 
   29 25 0.366711 
   30 25 0.370956 
   31 25 0.384470 
0 3174167 red_div6/9 164610.000000 13 164050.000000
23 3171688 25 blue_corps16 169290.000000 4 169290.000000 1 1 0 161550.000000
8 3171876 25 blue_corps9 165230.000000 1 165230.000000 1 2 0 161550.000000
6 3172309 25 red_corps2 165110.000000 16 165110.000000 1 3 0 164050.000000
10 3172306 25 red_div4/7 164570.000000 2 999999999.000000 2 1 2 164050.000000
9 3172357 25 red_div3/7 164570.000000 3 164570.000000 1 1 0 164050.000000
15 3172433 25 red_div9/7 164600.000000 12 164600.000000 1 2 0 164050.000000
7 3172472 25 red_corps14 168830.000000 29 168830.000000 1 9 58 164050.000000
9 3173477 red_div3/7 164570.000000 3 164050.000000
23 3173645 blue_corps16 169290.000000 4 164050.000000
15 3173870 red_div9/7 164600.000000 12 164050.000000
10 3173974 red_div4/7 164570.000000 2 164050.000000
6 3174078 red_corps2 165110.000000 16 164050.000000
8 3175137 blue_corps9 165230.000000 1 164050.000000
7 3186243 red_corps14 168830.000000 29 164050.000000
   0 26 0.349044 
   1 26 0.377799 
   2 26 0.378672 
   6 26 0.357940 
   5 26 0.367608 
   3 26 0.387296 
   4 26 0.367228 
   14 26 0.348743 
   11 26 0.357932 
   12 26 0.394905 
   7 26 0.362208 
   8 26 0.364017 
   13 26 0.389806 
   10 26 0.365635 
   9 26 0.352546 
   15 26 0.357735 
   23 26 0.358641 
   19 26 0.351265 
   17 26 0.366874 
   20 26 0.354565 
   21 26 0.365461 
   22 26 0.361816 
   16 26 0.354268 
   26 26 0.356934 
   24 26 0.372992 
   18 26 0.360792 
   27 26 0.361212 
   28 26 0.368577 
   25 26 0.354422 
   29 26 0.371053 
   30 26 0.362913 
   31 26 0.365560 
29 3238749 26 red_corps14 176170.000000 16 176170.000000 1 14 58 170640.000000
24 3238854 26 red_div5/15 172470.000000 15 999999999.000000 2 1 2 170640.000000
12 3239035 26 red_div5/10 172420.000000 0 999999999.000000 2 2 2 170640.000000
13 3239069 26 red_div8/4 172990.000000 6 172990.000000 1 3 1 170640.000000
3 3239102 26 red_div6/12 173040.000000 14 173040.000000 1 1 0 170640.000000
2 3239151 26 red_corps8 174730.000000 11 174730.000000 1 1 0 170640.000000
1 3239166 26 blue_corps9 174970.000000 9 174970.000000 1 1 0 170640.000000
4 3239162 26 blue_corps16 172790.000000 19 172790.000000 1 4 0 170640.000000
2 3240173 red_corps8 174730.000000 11 170640.000000
1 3240467 blue_corps9 174970.000000 9 170640.000000
3 3240500 red_div6/12 173040.000000 14 170640.000000
4 3241506 blue_corps16 172790.000000 19 170640.000000
13 3241787 red_div8/4 172990.000000 6 170640.000000
24 3240579 red_div5/15 172470.000000 15 170640.000000
12 3247217 red_div5/10 172420.000000 0 172960.000000
29 3261761 red_corps14 176170.000000 16 172960.000000
   0 27 0.356502 
   1 27 0.356632 
   3 27 0.341572 
   2 27 0.360601 
   4 27 0.360029 
   7 27 0.336526 
   5 27 0.350976 
   6 27 0.370313 
   9 27 0.353933 
   8 27 0.354016 
   10 27 0.340126 
   15 27 0.355926 
   11 27 0.372686 
   22 27 0.357918 
   16 27 0.366165 
   14 27 0.381547 
   24 27 0.349514 
   21 27 0.359727 
   12 27 0.361011 
   27 27 0.361294 
   17 27 0.369398 
   13 27 0.359897 
   23 27 0.346544 
   20 27 0.344601 
   25 27 0.351195 
   18 27 0.341137 
   28 27 0.350599 
   19 27 0.361364 
   26 27 0.344923 
   30 27 0.353248 
   29 27 0.355098 
   31 27 0.358467 
11 3308697 27 red_corps8 181610.000000 10 181610.000000 1 3 0 180170.000000
12 3308808 27 blue_corps8 182010.000000 23 182010.000000 1 1 0 180170.000000
16 3308927 27 red_corps2 181130.000000 24 181130.000000 1 3 0 180170.000000
14 3308983 27 red_div9/4 181380.000000 7 181380.000000 1 1 0 180170.000000
6 3309000 27 blue_corps1 187470.000000 3 187470.000000 1 1 0 180170.000000
4 3309000 27 blue_corps3 181530.000000 20 181530.000000 1 3 0 180170.000000
14 3310010 red_div9/4 181380.000000 7 180170.000000
12 3310055 blue_corps8 182010.000000 23 180170.000000
11 3310197 red_corps8 181610.000000 10 180170.000000
6 3310213 blue_corps1 187470.000000 3 180170.000000
16 3310362 red_corps2 181130.000000 24 180170.000000
4 3310960 blue_corps3 181530.000000 20 180170.000000
   0 28 0.378852 
   1 28 0.370810 
   2 28 0.359450 
   3 28 0.354807 
   5 28 0.375308 
   4 28 0.356147 
   6 28 0.402509 
   8 28 0.357806 
   11 28 0.366441 
   12 28 0.362417 
   13 28 0.350321 
   10 28 0.381936 
   7 28 0.390136 
   9 28 0.385307 
   23 28 0.372480 
   14 28 0.373725 
   18 28 0.373387 
   15 28 0.379293 
   20 28 0.368680 
   22 28 0.378821 
   16 28 0.377960 
   19 28 0.386262 
   17 28 0.364751 
   25 28 0.379063 
   28 28 0.370074 
   21 28 0.385263 
   27 28 0.361510 
   26 28 0.376314 
   24 28 0.360750 
   30 28 0.371169 
   29 28 0.374450 
   31 28 0.373890 
19 3375230 28 blue_corps16 191370.000000 13 191370.000000 1 1 0 186890.000000
21 3375250 28 red_corps11 189310.000000 11 189310.000000 1 3 0 186890.000000
10 3375333 28 red_corps8 196570.000000 8 196570.000000 1 1 0 186890.000000
9 3375402 28 blue_corps9 189550.000000 4 189550.000000 1 4 6 186890.000000
7 3375447 28 red_div5/13 189250.000000 3 999999999.000000 2 1 1 186890.000000
6 3375479 28 red_div7/18 189910.000000 2 189910.000000 1 1 0 186890.000000
19 3376343 blue_corps16 191370.000000 13 186890.000000
10 3376745 red_corps8 196570.000000 8 186890.000000
6 3376779 red_div7/18 189910.000000 2 186890.000000
7 3376872 red_div5/13 189250.000000 3 186890.000000
21 3377006 red_corps11 189310.000000 11 186890.000000
9 3381883 blue_corps9 189550.000000 4 189190.000000
   0 29 0.376289 
   1 29 0.356046 
   2 29 0.397131 
   3 29 0.371558 
   4 29 0.370730 
   6 29 0.347600 
   7 29 0.352596 
   8 29 0.352738 
   9 29 0.348315 
   5 29 0.355805 
   10 29 0.368805 
   13 29 0.364165 
   23 29 0.365174 
   14 29 0.357010 
   11 29 0.367041 
   15 29 0.363482 
   22 29 0.358441 
   16 29 0.373120 
   12 29 0.351199 
   28 29 0.362354 
0 3441665 29 red_div5/10 197030.000000 9 197030.000000 1 5 2 196030.000000
   18 29 0.353296 
   20 29 0.355793 
   17 29 0.366717 
   24 29 0.354790 
   21 29 0.360382 
   27 29 0.371423 
   19 29 0.364031 
   26 29 0.353188 
   25 29 0.346889 
   30 29 0.358735 
   29 29 0.353687 
   31 29 0.368683 
27 3441323 29 red_corps6 198170.000000 7 198170.000000 1 4 0 196030.000000
16 3441417 29 red_corps14 198190.000000 5 198190.000000 1 7 26 196030.000000
3 3441473 29 red_div5/13 197650.000000 25 197650.000000 1 1 0 196030.000000
11 3441510 29 red_corps11 197810.000000 12 197810.000000 1 7 0 196030.000000
0 3443712 red_div5/10 197030.000000 9 196030.000000
4 3441599 29 blue_corps11 197380.000000 1 197380.000000 1 3 0 196030.000000
2 3441749 29 red_div7/18 197710.000000 6 197710.000000 1 1 0 196030.000000
2 3442948 red_div7/18 197710.000000 6 196030.000000
4 3443022 blue_corps11 197380.000000 1 196030.000000
3 3443076 red_div5/13 197650.000000 25 196030.000000
27 3443782 red_corps6 198170.000000 7 196030.000000
11 3444320 red_corps11 197810.000000 12 196030.000000
16 3454488 red_corps14 198190.000000 5 198200.000000
   0 30 0.367371 
   2 30 0.377363 
   1 30 0.386906 
   5 30 0.386298 
   3 30 0.374983 
   6 30 0.381172 
   4 30 0.377578 
   11 30 0.380369 
   8 30 0.385391 
   12 30 0.361945 
   14 30 0.358430 
   20 30 0.368981 
   9 30 0.392694 
   10 30 0.365918 
   7 30 0.393222 
   23 30 0.382235 
   19 30 0.365123 
   13 30 0.386430 
   17 30 0.378932 
   22 30 0.363036 
   15 30 0.379072 
   18 30 0.369327 
   16 30 0.358730 
   21 30 0.358288 
   28 30 0.376307 
   25 30 0.386316 
   26 30 0.362414 
   27 30 0.355178 
   24 30 0.371273 
   30 30 0.360954 
   29 30 0.360694 
   31 30 0.369989 
7 3508151 30 red_corps6 206990.000000 14 206990.000000 1 4 0 203070.000000
9 3508170 30 red_corps5 206950.000000 16 206950.000000 1 5 0 203070.000000
8 3508177 30 red_corps8 211130.000000 10 211130.000000 1 1 0 203070.000000
1 3508218 30 blue_corps11 206090.000000 21 206090.000000 1 2 0 203070.000000
13 3508279 30 blue_corps16 206090.000000 18 206090.000000 1 2 0 203070.000000
5 3508384 30 red_div5/8 206000.000000 27 206000.000000 1 1 0 203070.000000
8 3510133 red_corps8 211130.000000 10 205450.000000
7 3510562 red_corps6 206990.000000 14 205450.000000
9 3511278 red_corps5 206950.000000 16 205450.000000
13 3510947 blue_corps16 206090.000000 18 205450.000000
1 3510345 blue_corps11 206090.000000 21 205450.000000
5 3510069 red_div5/8 206000.000000 27 205450.000000
   0 31 0.343064 
   2 31 0.377160 
   1 31 0.365817 
   3 31 0.359001 
   6 31 0.384701 
   5 31 0.370747 
   7 31 0.367881 
   13 31 0.356993 
   14 31 0.377980 
   4 31 0.368292 
   11 31 0.355408 
   15 31 0.364558 
   12 31 0.368454 
   18 31 0.366970 
   16 31 0.366803 
   8 31 0.376258 
   20 31 0.361774 
   10 31 0.364409 
   17 31 0.375829 
   24 31 0.363721 
   19 31 0.356425 
   23 31 0.369958 
   25 31 0.388479 
   26 31 0.357513 
   9 31 0.364031 
   21 31 0.365898 
   28 31 0.373369 
   22 31 0.366539 
   27 31 0.364231 
   30 31 0.366296 
   29 31 0.363803 
   31 31 0.380125 
25 3578818 31 red_div5/13 214450.000000 3 999999999.000000 2 1 1 213140.000000
8 3578842 31 red_div6/7 215000.000000 26 215000.000000 1 1 0 213140.000000
31 3578562 31 blue_corps15 220510.000000 11 220510.000000 1 1 0 213140.000000
14 3578999 31 red_corps6 214790.000000 1 214790.000000 1 6 0 213140.000000
6 3579021 31 red_div7/18 215110.000000 0 215110.000000 1 1 0 213140.000000
5 3579063 31 red_corps14 220210.000000 19 220210.000000 1 1 4 213140.000000
8 3580223 red_div6/7 215000.000000 26 213140.000000
31 3580381 blue_corps15 220510.000000 11 213140.000000
25 3580725 red_div5/13 214450.000000 3 213140.000000
5 3581213 red_corps14 220210.000000 19 213140.000000
14 3581966 red_corps6 214790.000000 1 213140.000000
6 3585368 red_div7/18 215110.000000 0 213140.000000
   0 32 0.381671 
   2 32 0.363214 
   1 32 0.386563 
   3 32 0.377700 
   4 32 0.366334 
   5 32 0.360707 
   6 32 0.353372 
   9 32 0.374763 
   8 32 0.334526 
   7 32 0.373134 
   12 32 0.361588 
   13 32 0.361743 
   14 32 0.364780 
   10 32 0.377571 
   22 32 0.366316 
   15 32 0.373947 
   23 32 0.366406 
   17 32 0.370122 
   11 32 0.371802 
   19 32 0.369204 
   16 32 0.371518 
   18 32 0.391662 
   24 32 0.369035 
   21 32 0.369678 
   26 32 0.384672 
   28 32 0.376133 
   25 32 0.363287 
   27 32 0.363580 
   20 32 0.367104 
   29 32 0.359502 
   30 32 0.360161 
   31 32 0.368257 
26 3645437 32 red_corps3 223550.000000 2 223550.000000 1 6 0 222300.000000
18 3645570 32 red_div9/16 222900.000000 8 222900.000000 1 2 1 222300.000000
9 3645610 32 red_corps18 223770.000000 12 223770.000000 1 3 0 222300.000000
10 3645664 32 red_corps8 223570.000000 13 223570.000000 1 6 0 222300.000000
3 3645731 32 blue_corps1 223520.000000 4 223520.000000 1 5 6 222300.000000
1 3645797 32 red_corps6 223590.000000 29 223590.000000 1 5 0 222300.000000
9 3647251 red_corps18 223770.000000 12 222300.000000
18 3647433 red_div9/16 222900.000000 8 222300.000000
26 3647904 red_corps3 223550.000000 2 222300.000000
10 3648407 red_corps8 223570.000000 13 222300.000000
3 3648717 blue_corps1 223520.000000 4 222300.000000
1 3648908 red_corps6 223590.000000 29 222300.000000
   0 33 0.392631 
   1 33 0.372561 
   2 33 0.381926 
   5 33 0.348163 
   3 33 0.376920 
   4 33 0.381785 
   11 33 0.388002 
   6 33 0.353889 
   7 33 0.370459 
   9 33 0.372952 
   12 33 0.380057 
   10 33 0.364325 
   8 33 0.390644 
   13 33 0.379626 
   15 33 0.378715 
   20 33 0.372232 
   22 33 0.363743 
   16 33 0.387288 
   21 33 0.369967 
   19 33 0.391787 
   18 33 0.354027 
   24 33 0.366095 
   14 33 0.367983 
   23 33 0.371717 
0 3712594 33 red_div7/18 231310.000000 5 231310.000000 1 2 1 229440.000000
   26 33 0.378807 
   25 33 0.369876 
   17 33 0.378138 
   27 33 0.381102 
   29 33 0.382745 
   28 33 0.370259 
   30 33 0.372545 
0 3713937 red_div7/18 231310.000000 5 229440.000000
   31 33 0.359902 
8 3712414 33 red_div10/15 231880.000000 6 231880.000000 1 2 0 229440.000000
16 3712460 33 red_corps5 232010.000000 22 232010.000000 1 1 0 229440.000000
19 3712484 33 red_corps14 234890.000000 18 234890.000000 1 1 4 229440.000000
11 3712528 33 blue_corps15 235210.000000 14 235210.000000 1 1 0 229440.000000
12 3712585 33 red_corps18 236170.000000 21 236170.000000 1 1 0 229440.000000
4 3712617 33 blue_corps1 231471.000000 10 231471.000000 1 3 0 229440.000000
2 3712767 33 red_corps3 231830.000000 31 231830.000000 1 3 0 229440.000000
16 3713393 red_corps5 232010.000000 22 229440.000000
12 3713529 red_corps18 236170.000000 21 229440.000000
11 3713839 blue_corps15 235210.000000 14 229440.000000
8 3714452 red_div10/15 231880.000000 6 229440.000000
4 3714476 blue_corps1 231471.000000 10 229440.000000
19 3714723 red_corps14 234890.000000 18 229440.000000
2 3714845 red_corps3 231830.000000 31 229440.000000
   0 34 0.346108 
   1 34 0.365340 
   2 34 0.375978 
   5 34 0.385231 
   4 34 0.380427 
   3 34 0.372443 
   6 34 0.378040 
   13 34 0.374878 
   9 34 0.357911 
   11 34 0.368073 
   14 34 0.376937 
   8 34 0.341526 
   10 34 0.377635 
   12 34 0.372983 
   7 34 0.373348 
   18 34 0.352009 
   22 34 0.380772 
   23 34 0.376933 
   21 34 0.372606 
   19 34 0.372859 
   20 34 0.369989 
   17 34 0.375102 
   16 34 0.361033 
   27 34 0.368784 
   28 34 0.366863 
   25 34 0.367186 
   15 34 0.380015 
   26 34 0.377565 
   30 34 0.361818 
   29 34 0.374848 
   24 34 0.370935 
   31 34 0.363067 
22 3778893 34 red_div6/13 239650.000000 18 239650.000000 1 1 0 238970.000000
15 3778998 34 red_div5/15 239670.000000 9 999999999.000000 2 1 1 238970.000000
5 3779069 34 red_div6/18 239700.000000 8 999999999.000000 2 1 2 238970.000000
4 3779188 34 red_div5/18 239700.000000 0 999999999.000000 2 1 2 238970.000000
22 3780350 red_div6/13 239650.000000 18 238970.000000
15 3780605 red_div5/15 239670.000000 9 238970.000000
5 3780921 red_div6/18 239700.000000 8 238970.000000
4 3781029 red_div5/18 239700.000000 0 238970.000000
   0 35 0.374601 
   1 35 0.379403 
   2 35 0.381020 
   3 35 0.376947 
   4 35 0.345702 
   6 35 0.389917 
   5 35 0.370788 
   7 35 0.372479 
   8 35 0.377030 
   13 35 0.379173 
   9 35 0.374908 
   10 35 0.371291 
   12 35 0.379282 
   15 35 0.363500 
   11 35 0.376681 
   18 35 0.386717 
   23 35 0.371777 
   14 35 0.384888 
   16 35 0.361143 
   22 35 0.400332 
   21 35 0.396316 
   24 35 0.367379 
   17 35 0.378686 
   19 35 0.365698 
   25 35 0.368574 
   27 35 0.375190 
   20 35 0.369716 
   28 35 0.386870 
   26 35 0.378367 
   29 35 0.403902 
   30 35 0.379716 
   31 35 0.383432 
29 3844953 35 red_corps6 248990.000000 15 248990.000000 1 5 0 245700.000000
28 3845062 35 blue_corps2 248910.000000 0 248910.000000 1 4 0 245700.000000
22 3845244 35 red_div7/2 248560.000000 4 248560.000000 1 2 1 245700.000000
14 3845298 35 blue_corps15 249330.000000 24 249330.000000 1 2 0 245700.000000
21 3845305 35 blue_corps5 248950.000000 16 248950.000000 1 6 0 245700.000000
18 3845363 35 blue_corps16 248190.000000 25 248190.000000 1 2 0 245700.000000
18 3847390 blue_corps16 248190.000000 25 245700.000000
29 3847443 red_corps6 248990.000000 15 245700.000000
21 3847478 blue_corps5 248950.000000 16 245700.000000
22 3847986 red_div7/2 248560.000000 4 247870.000000
14 3848639 blue_corps15 249330.000000 24 247870.000000
28 3849391 blue_corps2 248910.000000 0 247870.000000
   0 36 0.373668 
   1 36 0.362226 
   2 36 0.364884 
   4 36 0.379119 
   3 36 0.369948 
   6 36 0.390476 
   5 36 0.364718 
   9 36 0.375880 
   10 36 0.378871 
   13 36 0.381850 
   14 36 0.369130 
   22 36 0.328446 
   12 36 0.360395 
   7 36 0.373287 
   11 36 0.369909 
   8 36 0.356989 
   18 36 0.367858 
   27 36 0.372907 
   19 36 0.366112 
   21 36 0.366370 
   17 36 0.372917 
   15 36 0.374413 
   16 36 0.375357 
   23 36 0.372130 
   20 36 0.365969 
   25 36 0.374392 
0 3911975 36 blue_corps2 259930.000000 1 259930.000000 1 1 0 255160.000000
   26 36 0.371647 
   24 36 0.370240 
   30 36 0.361770 
   28 36 0.366136 
   29 36 0.361853 
   31 36 0.365098 
13 3911623 36 red_corps8 256810.000000 8 256810.000000 1 5 0 255160.000000
6 3911670 36 red_div8/4 257580.000000 22 257580.000000 1 1 0 255160.000000
0 3913212 blue_corps2 259930.000000 1 255160.000000
4 3911874 36 blue_corps7 256550.000000 2 256550.000000 1 5 0 255160.000000
10 3912018 36 blue_corps1 257870.000000 11 257870.000000 1 3 0 255160.000000
6 3913484 red_div8/4 257580.000000 22 255160.000000
13 3913503 red_corps8 256810.000000 8 255160.000000
10 3913924 blue_corps1 257870.000000 11 255160.000000
4 3913953 blue_corps7 256550.000000 2 255160.000000
   0 37 0.380493 
   2 37 0.387967 
   1 37 0.391200 
   5 37 0.370764 
   4 37 0.391279 
   6 37 0.354773 
   12 37 0.374871 
   11 37 0.378463 
   3 37 0.387395 
   9 37 0.387929 
   13 37 0.379077 
   20 37 0.372075 
   19 37 0.360697 
   7 37 0.359322 
   8 37 0.375196 
   10 37 0.361685 
   14 37 0.361562 
   22 37 0.361494 
0 3979471 37 red_div5/18 264900.000000 14 999999999.000000 2 1 2 264800.000000
   26 37 0.385293 
   21 37 0.364750 
   18 37 0.370376 
   16 37 0.368311 
   23 37 0.386921 
   17 37 0.383237 
   15 37 0.376592 
   25 37 0.396414 
   29 37 0.369832 
0 3981008 red_div5/18 264900.000000 14 264800.000000
   27 37 0.367542 
   28 37 0.367141 
   24 37 0.389434 
   30 37 0.361759 
   31 37 0.369351 
25 3978633 37 red_div5/7 264790.000000 10 999999999.000000 2 1 2 262400.000000
9 3979323 37 red_div6/8 264800.000000 21 999999999.000000 2 1 2 264800.000000
4 3979354 37 red_corps7 265590.000000 7 265590.000000 1 3 0 264800.000000
2 3979386 37 blue_corps7 269000.000000 16 269000.000000 1 1 0 264800.000000
1 3979456 37 red_div6/6 265980.000000 6 999999999.000000 2 1 2 264800.000000
3 3979577 37 red_div5/13 264850.000000 19 999999999.000000 2 1 1 264800.000000
25 3980482 red_div5/7 264790.000000 10 264800.000000
2 3980678 blue_corps7 269000.000000 16 264800.000000
9 3980866 red_div6/8 264800.000000 21 264800.000000
3 3980968 red_div5/13 264850.000000 19 264800.000000
4 3980981 red_corps7 265590.000000 7 264800.000000
1 3981834 red_div6/6 265980.000000 6 264800.000000
   0 38 0.342585 
   2 38 0.372439 
   1 38 0.339375 
   5 38 0.365012 
   6 38 0.380724 
   3 38 0.355022 
   4 38 0.358200 
   13 38 0.353743 
   14 38 0.376742 
   7 38 0.384587 
   11 38 0.366544 
   12 38 0.364029 
   8 38 0.373213 
   17 38 0.375320 
   10 38 0.372041 
   15 38 0.367087 
   9 38 0.359325 
   18 38 0.361797 
   20 38 0.356005 
   16 38 0.379429 
   19 38 0.370303 
   25 38 0.363147 
   21 38 0.380006 
   22 38 0.366021 
   26 38 0.364128 
   23 38 0.366478 
   24 38 0.383444 
   29 38 0.361084 
   27 38 0.358361 
   28 38 0.359207 
   31 38 0.367803 
   30 38 0.364672 
24 4046487 38 blue_corps15 273310.000000 4 273310.000000 1 5 0 272060.000000
21 4046542 38 red_corps18 280450.000000 3 280450.000000 1 1 0 272060.000000
7 4046555 38 red_corps7 276270.000000 0 276270.000000 1 1 0 272060.000000
10 4046625 38 red_div5/7 273190.000000 20 999999999.000000 2 1 1 272060.000000
6 4046638 38 red_div6/6 273780.000000 1 273780.000000 1 2 0 272060.000000
14 4046647 38 red_div5/18 273300.000000 27 273300.000000 1 1 0 272060.000000
8 4046684 38 red_corps8 274610.000000 13 274610.000000 1 2 0 272060.000000
14 4047778 red_div5/18 273300.000000 27 272060.000000
21 4047983 red_corps18 280450.000000 3 272060.000000
7 4048007 red_corps7 276270.000000 0 272060.000000
6 4048204 red_div6/6 273780.000000 1 272060.000000
8 4048382 red_corps8 274610.000000 13 272060.000000
10 4048482 red_div5/7 273190.000000 20 272060.000000
24 4048588 blue_corps15 273310.000000 4 272060.000000
   0 39 0.372916 
   1 39 0.373684 
   2 39 0.379798 
   4 39 0.365643 
   3 39 0.355340 
   5 39 0.371650 
   6 39 0.350437 
   7 39 0.381979 
   9 39 0.364918 
   8 39 0.365239 
   10 39 0.375434 
   11 39 0.374541 
   12 39 0.366858 
   22 39 0.361630 
   15 39 0.378657 
   14 39 0.369802 
   16 39 0.388309 
0 4113805 39 red_corps7 283540.000000 22 283540.000000 1 1 0 281570.000000
   13 39 0.382569 
   27 39 0.384735 
   21 39 0.384439 
   19 39 0.389825 
   23 39 0.376439 
   20 39 0.390254 
   17 39 0.374730 
   24 39 0.366116 
   18 39 0.375571 
   26 39 0.368065 
0 4115130 red_corps7 283540.000000 22 281570.000000
   28 39 0.371859 
   25 39 0.368068 
   30 39 0.362618 
   29 39 0.361649 
   31 39 0.370861 
20 4112940 39 red_corps12 285490.000000 3 285490.000000 1 1 0 279200.000000
27 4112968 39 red_div5/8 281600.000000 14 999999999.000000 2 1 1 279200.000000
16 4113105 39 blue_corps7 282410.000000 8 282410.000000 1 2 0 279200.000000
19 4113108 39 red_div5/13 281650.000000 9 999999999.000000 2 1 2 279200.000000
21 4113180 39 blue_corps11 282470.000000 12 282470.000000 1 2 0 279200.000000
13 4113528 39 red_corps8 282430.000000 4 282430.000000 1 2 0 281570.000000
7 4113583 39 red_corps15 282510.000000 6 282510.000000 1 3 0 281570.000000
27 4115036 red_div5/8 281600.000000 14 281570.000000
16 4115137 blue_corps7 282410.000000 8 281570.000000
20 4114536 red_corps12 285490.000000 3 281570.000000
21 4115368 blue_corps11 282470.000000 12 281570.000000
19 4115388 red_div5/13 281650.000000 9 281570.000000
13 4115463 red_corps8 282430.000000 4 281570.000000
7 4115529 red_corps15 282510.000000 6 281570.000000
   0 40 0.351897 
   1 40 0.380248 
   3 40 0.377867 
   2 40 0.370392 
   4 40 0.381802 
   7 40 0.346263 
   6 40 0.365199 
   5 40 0.360615 
   8 40 0.372139 
   10 40 0.358461 
   15 40 0.362765 
   13 40 0.356341 
   12 40 0.368674 
   14 40 0.379245 
   9 40 0.369100 
   16 40 0.377280 
   11 40 0.377469 
   23 40 0.371538 
   21 40 0.369439 
   24 40 0.368532 
   18 40 0.357505 
   19 40 0.357666 
   28 40 0.363474 
   20 40 0.373507 
   27 40 0.381392 
   17 40 0.369200 
   22 40 0.384465 
   25 40 0.359739 
   26 40 0.376633 
   30 40 0.363605 
   29 40 0.363764 
   31 40 0.375240 
27 4180249 40 red_div5/18 290100.000000 13 999999999.000000 2 1 1 288260.000000
22 4180309 40 red_corps5 290010.000000 10 290010.000000 1 8 0 288260.000000
11 4180437 40 blue_corps1 290870.000000 5 290870.000000 1 3 0 288260.000000
3 4180439 40 red_corps12 291250.000000 19 291250.000000 1 2 0 288260.000000
8 4180485 40 blue_corps7 290810.000000 25 290810.000000 1 2 3 288260.000000
1 4180506 40 blue_corps2 291090.000000 7 291090.000000 1 3 0 288260.000000
4 4180685 40 red_corps8 291210.000000 0 291210.000000 1 1 0 288260.000000
4 4182196 red_corps8 291210.000000 0 288260.000000
3 4182222 red_corps12 291250.000000 19 288260.000000
27 4182279 red_div5/18 290100.000000 13 288260.000000
1 4182438 blue_corps2 291090.000000 7 288260.000000
11 4182552 blue_corps1 290870.000000 5 288260.000000
8 4182598 blue_corps7 290810.000000 25 288260.000000
22 4182991 red_corps5 290010.000000 10 288260.000000
   0 41 0.360739 
   1 41 0.369130 
   2 41 0.362946 
   4 41 0.375680 
   3 41 0.372579 
   6 41 0.372617 
   5 41 0.373934 
   9 41 0.375506 
   10 41 0.381046 
   8 41 0.364650 
   13 41 0.384576 
   7 41 0.370578 
   11 41 0.368006 
   21 41 0.364324 
   14 41 0.383892 
   23 41 0.374701 
   18 41 0.369156 
   12 41 0.379005 
   22 41 0.369424 
   15 41 0.387160 
   20 41 0.371121 
   17 41 0.379654 
   28 41 0.360676 
   27 41 0.361229 
   16 41 0.376645 
   19 41 0.391228 
   24 41 0.372877 
   25 41 0.377213 
   30 41 0.366972 
   26 41 0.373690 
   29 41 0.363165 
   31 41 0.364537 
13 4246577 41 red_div5/18 298500.000000 2 999999999.000000 2 1 2 297780.000000
15 4246620 41 red_corps6 299970.000000 11 299970.000000 1 4 0 297780.000000
4 4246667 41 blue_corps15 298950.000000 21 298950.000000 1 4 0 297780.000000
19 4246695 41 red_corps12 299050.000000 0 299050.000000 1 2 0 297780.000000
14 4246765 41 red_div5/8 298491.000000 8 298491.000000 1 1 0 297780.000000
3 4246863 41 red_corps18 299010.000000 18 299010.000000 1 3 3 297780.000000
5 4246874 41 blue_corps1 302830.000000 22 302830.000000 1 1 0 297780.000000
14 4247830 red_div5/8 298491.000000 8 297780.000000
5 4248186 blue_corps1 302830.000000 22 297780.000000
13 4248330 red_div5/18 298500.000000 2 297780.000000
15 4248655 red_corps6 299970.000000 11 297780.000000
4 4248767 blue_corps15 298950.000000 21 297780.000000
3 4248834 red_corps18 299010.000000 18 297780.000000
19 4251408 red_corps12 299050.000000 0 297780.000000
   0 42 0.387266 
   1 42 0.365426 
   2 42 0.397725 
   4 42 0.364063 
   3 42 0.372340 
   5 42 0.375497 
   6 42 0.368201 
   7 42 0.366132 
   8 42 0.386034 
   9 42 0.378510 
   11 42 0.384415 
   13 42 0.368874 
   10 42 0.382243 
   15 42 0.362832 
   12 42 0.381568 
   16 42 0.378513 
   23 42 0.372614 
   22 42 0.389303 
   14 42 0.366595 
   19 42 0.369747 
   21 42 0.384802 
   24 42 0.371561 
   18 42 0.383936 
   28 42 0.357330 
   27 42 0.338614 
0 4313062 42 red_corps12 307450.000000 1 307450.000000 1 2 0 304960.000000
   20 42 0.367398 
   26 42 0.375112 
   25 42 0.392619 
   17 42 0.374708 
   29 42 0.368180 
   30 42 0.375158 
   31 42 0.364139 
25 4312506 42 blue_corps16 309130.000000 28 309130.000000 1 1 0 304960.000000
18 4312753 42 red_corps18 307770.000000 14 307770.000000 1 4 0 304960.000000
11 4312777 42 red_corps6 307550.000000 7 307550.000000 1 5 0 304960.000000
12 4312830 42 red_corps11 307030.000000 13 307030.000000 1 5 0 304960.000000
10 4312963 42 red_corps5 307510.000000 6 307510.000000 1 2 0 304960.000000
2 4313034 42 red_div3/18 307480.000000 27 307480.000000 1 1 0 304960.000000
8 4313066 42 red_div6/18 306900.000000 4 999999999.000000 2 1 1 304960.000000
25 4313860 blue_corps16 309130.000000 28 304960.000000
0 4314969 red_corps12 307450.000000 1 304960.000000
2 4314257 red_div3/18 307480.000000 27 304960.000000
18 4314494 red_corps18 307770.000000 14 304960.000000
11 4314550 red_corps6 307550.000000 7 304960.000000
10 4314779 red_corps5 307510.000000 6 304960.000000
8 4314852 red_div6/18 306900.000000 4 304960.000000
12 4315601 red_corps11 307030.000000 13 304960.000000
   0 43 0.358335 
   1 43 0.382588 
   2 43 0.354758 
   3 43 0.345214 
   5 43 0.364939 
   4 43 0.364270 
   7 43 0.374114 
   8 43 0.366865 
   9 43 0.383524 
   6 43 0.380615 
   12 43 0.363529 
   23 43 0.375906 
   10 43 0.369112 
   13 43 0.366685 
   22 43 0.374695 
   11 43 0.372344 
   16 43 0.376246 
   14 43 0.370477 
   15 43 0.360254 
   19 43 0.365114 
   28 43 0.380805 
   27 43 0.389752 
   18 43 0.363089 
   17 43 0.375458 
   20 43 0.370445 
   24 43 0.363532 
   26 43 0.369186 
   21 43 0.382759 
   25 43 0.361120 
   29 43 0.355423 
   30 43 0.366457 
   31 43 0.379915 
28 4379388 43 blue_corps18 317350.000000 5 317350.000000 1 2 0 314070.000000
21 4379454 43 red_div6/8 315200.000000 29 999999999.000000 2 1 1 314070.000000
9 4379634 43 red_corps16 315410.000000 2 315410.000000 1 3 0 314070.000000
1 4379700 43 red_corps12 315310.000000 3 315310.000000 1 7 0 314070.000000
6 4379711 43 red_corps15 315310.000000 0 315310.000000 1 8 0 314070.000000
7 4379802 43 blue_corps2 317690.000000 8 317690.000000 1 1 5 314070.000000
1 4381503 red_corps12 315310.000000 3 314070.000000
9 4381595 red_corps16 315410.000000 2 314070.000000
7 4381894 blue_corps2 317690.000000 8 314070.000000
28 4380829 blue_corps18 317350.000000 5 314070.000000
21 4381396 red_div6/8 315200.000000 29 314070.000000
6 4390218 red_corps15 315310.000000 0 314070.000000
   0 44 0.378399 
   2 44 0.364212 
   5 44 0.366432 
   1 44 0.369758 
   6 44 0.364561 
   11 44 0.363060 
   3 44 0.365394 
   4 44 0.366096 
   12 44 0.366296 
   13 44 0.376049 
   14 44 0.364520 
   19 44 0.356802 
   8 44 0.359600 
   17 44 0.372786 
   10 44 0.352857 
   20 44 0.356323 
   18 44 0.355219 
   9 44 0.354331 
   7 44 0.368319 
   26 44 0.372366 
0 4450129 44 red_corps8 323990.000000 8 323990.000000 1 4 0 323550.000000
   23 44 0.362378 
   25 44 0.360736 
   21 44 0.354783 
   29 44 0.380592 
   15 44 0.348993 
   28 44 0.374161 
   16 44 0.368431 
   22 44 0.365170 
   31 44 0.358206 
   24 44 0.353484 
   27 44 0.377895 
0 4451665 red_corps8 323990.000000 8 323550.000000
   30 44 0.358100 
29 4449589 44 red_div6/8 323600.000000 15 999999999.000000 2 1 2 323550.000000
28 4449744 44 blue_corps6 324150.000000 20 324150.000000 1 5 0 323550.000000
26 4449767 44 red_div6/7 323590.000000 18 999999999.000000 2 1 1 323550.000000
13 4449946 44 red_corps11 328960.000000 9 328960.000000 1 1 0 323550.000000
29 4451259 red_div6/8 323600.000000 15 323550.000000
26 4451482 red_div6/7 323590.000000 18 323550.000000
13 4451834 red_corps11 328960.000000 9 323550.000000
28 4451840 blue_corps6 324150.000000 20 323550.000000
   0 45 0.390140 
   2 45 0.385137 
   1 45 0.377392 
   5 45 0.379729 
   6 45 0.381116 
   3 45 0.378675 
   4 45 0.379841 
   11 45 0.368865 
   13 45 0.378152 
   12 45 0.372860 
   8 45 0.382689 
   14 45 0.389415 
   20 45 0.392054 
   9 45 0.375595 
   10 45 0.367447 
   19 45 0.366990 
   7 45 0.374831 
   23 45 0.384315 
   17 45 0.388017 
   26 45 0.357511 
   22 45 0.379383 
   18 45 0.400079 
   15 45 0.376187 
   21 45 0.371706 
   29 45 0.368048 
   24 45 0.376338 
0 4517480 45 red_corps15 338110.000000 10 338110.000000 1 1 0 330780.000000
   28 45 0.372886 
   27 45 0.398820 
   16 45 0.385994 
   25 45 0.370764 
   30 45 0.377653 
   31 45 0.376619 
27 4517085 45 red_div10/8 333210.000000 19 333210.000000 1 1 0 330780.000000
0 4518625 red_corps15 338110.000000 10 330780.000000
20 4517179 45 blue_corps6 332950.000000 11 332950.000000 1 6 0 330780.000000
18 4517187 45 red_corps14 337650.000000 26 337650.000000 1 1 1 330780.000000
8 4517257 45 blue_corps2 339350.000000 3 339350.000000 1 1 0 330780.000000
14 4517290 45 red_corps18 339490.000000 4 339490.000000 1 1 0 330780.000000
2 4517476 45 red_div5/18 332140.000000 29 999999999.000000 2 1 0 330780.000000
14 4518315 red_corps18 339490.000000 4 330780.000000
18 4518498 red_corps14 337650.000000 26 330780.000000
8 4518532 blue_corps2 339350.000000 3 330780.000000
27 4518546 red_div10/8 333210.000000 19 330780.000000
2 4519226 red_div5/18 332140.000000 29 330780.000000
20 4520045 blue_corps6 332950.000000 11 330780.000000
   0 46 0.362655 
   2 46 0.372883 
   1 46 0.374298 
   5 46 0.382004 
   6 46 0.367917 
   4 46 0.385600 
   11 46 0.388212 
   12 46 0.365595 
   3 46 0.381607 
   14 46 0.383452 
   20 46 0.369654 
   13 46 0.361178 
   9 46 0.369582 
   10 46 0.376536 
   19 46 0.400039 
   8 46 0.399241 
   26 46 0.368333 
   18 46 0.383646 
   17 46 0.379559 
   22 46 0.386703 
   21 46 0.368830 
   7 46 0.382066 
   23 46 0.381742 
   25 46 0.367606 
   27 46 0.365797 
   15 46 0.380970 
   16 46 0.370031 
   29 46 0.388092 
   24 46 0.376546 
   28 46 0.360361 
   30 46 0.365431 
   31 46 0.375305 
8 4584018 46 red_div5/8 341600.000000 6 341600.000000 1 2 0 340420.000000
11 4584062 46 blue_corps6 341230.000000 21 341230.000000 1 7 4 340420.000000
5 4584106 46 blue_corps18 346870.000000 13 346870.000000 1 1 0 340420.000000
19 4584107 46 red_div8/6 341590.000000 0 341590.000000 1 1 0 340420.000000
3 4584127 46 red_corps12 341090.000000 9 341090.000000 1 7 0 340420.000000
7 4584143 46 red_corps6 341471.000000 20 341471.000000 1 5 0 340420.000000
4 4584169 46 blue_corps13 344520.000000 12 344520.000000 1 1 0 340420.000000
4 4585150 blue_corps13 344520.000000 12 340420.000000
5 4585580 blue_corps18 346870.000000 13 340420.000000
8 4585582 red_div5/8 341600.000000 6 340420.000000
19 4586593 red_div8/6 341590.000000 0 340420.000000
3 4586624 red_corps12 341090.000000 9 340420.000000
7 4586942 red_corps6 341471.000000 20 340420.000000
11 4588558 blue_corps6 341230.000000 21 340420.000000
   0 47 0.382103 
   2 47 0.343876 
   1 47 0.359522 
   5 47 0.377084 
   3 47 0.371394 
   4 47 0.378104 
   11 47 0.375032 
   12 47 0.370347 
   9 47 0.381726 
   8 47 0.365979 
   6 47 0.394711 
   7 47 0.361616 
   20 47 0.386496 
   22 47 0.377473 
   23 47 0.372528 
   19 47 0.373714 
   10 47 0.383239 
   15 47 0.380307 
   13 47 0.375845 
   16 47 0.372833 
   14 47 0.361504 
   21 47 0.373974 
0 4650382 47 red_div8/6 349390.000000 27 349390.000000 1 2 0 347550.000000
   28 47 0.352405 
   27 47 0.347550 
   26 47 0.377396 
   24 47 0.371337 
   18 47 0.362296 
   17 47 0.369540 
   29 47 0.387766 
   25 47 0.364042 
   30 47 0.371321 
   31 47 0.371369 
0 4651761 red_div8/6 349390.000000 27 347550.000000
29 4649933 47 red_div5/18 348900.000000 14 999999999.000000 2 1 1 347550.000000
20 4650071 47 red_corps17 349810.000000 8 349810.000000 1 6 0 347550.000000
6 4650348 47 red_div10/15 349480.000000 2 349480.000000 1 2 0 347550.000000
9 4650364 47 red_div5/13 349460.000000 1 349460.000000 1 2 2 347550.000000
15 4650425 47 red_div6/8 350000.000000 7 350000.000000 1 1 0 347550.000000
10 4650466 47 red_corps15 349750.000000 28 349750.000000 1 2 0 347550.000000
3 4650491 47 blue_corps2 353790.000000 17 353790.000000 1 1 0 347550.000000
10 4651748 red_corps15 349750.000000 28 347550.000000
29 4651813 red_div5/18 348900.000000 14 347550.000000
6 4651929 red_div10/15 349480.000000 2 347550.000000
15 4651938 red_div6/8 350000.000000 7 347550.000000
9 4652019 red_div5/13 349460.000000 1 347550.000000
20 4652165 red_corps17 349810.000000 8 347550.000000
3 4652211 blue_corps2 353790.000000 17 347550.000000
   0 48 0.358478 
   2 48 0.387392 
   1 48 0.396013 
   5 48 0.365604 
   6 48 0.358815 
   3 48 0.360415 
   12 48 0.381779 
   4 48 0.368928 
   11 48 0.362226 
   14 48 0.376980 
   13 48 0.359996 
   7 48 0.367646 
   17 48 0.383535 
   19 48 0.366183 
   18 48 0.367894 
   9 48 0.381256 
   20 48 0.377516 
   8 48 0.377519 
   10 48 0.368099 
   26 48 0.371437 
   15 48 0.354235 
   25 48 0.368431 
   16 48 0.376921 
   22 48 0.378090 
   23 48 0.367337 
   21 48 0.382138 
   24 48 0.371852 
   27 48 0.378094 
   29 48 0.363814 
   28 48 0.368002 
   30 48 0.368266 
   31 48 0.371254 
21 4716772 48 blue_corps15 358750.000000 4 358750.000000 1 2 0 356670.000000
8 4716807 48 red_corps17 361140.000000 5 361140.000000 1 1 0 356670.000000
9 4716835 48 red_div5/15 357880.000000 13 357880.000000 1 1 0 356670.000000
12 4716835 48 blue_corps12 358690.000000 15 358690.000000 1 1 0 356670.000000
2 4717057 48 red_corps16 358790.000000 6 358790.000000 1 3 0 356670.000000
17 4717048 48 blue_corps2 358710.000000 3 358710.000000 1 4 16 356670.000000
1 4717091 48 red_div5/13 357860.000000 0 357860.000000 1 1 0 356670.000000
9 4717909 red_div5/15 357880.000000 13 356670.000000
12 4717966 blue_corps12 358690.000000 15 356670.000000
8 4718218 red_corps17 361140.000000 5 356670.000000
21 4718272 blue_corps15 358750.000000 4 356670.000000
2 4718978 red_corps16 358790.000000 6 356670.000000
17 4721345 blue_corps2 358710.000000 3 356670.000000
1 4724574 red_div5/13 357860.000000 0 356670.000000
   0 49 0.355653 
   1 49 0.368806 
   2 49 0.370261 
   3 49 0.352124 
   5 49 0.368241 
   6 49 0.365888 
   4 49 0.380862 
   7 49 0.367611 
   8 49 0.358137 
   11 49 0.364832 
   15 49 0.367479 
   9 49 0.348544 
   14 49 0.375130 
   10 49 0.362911 
   12 49 0.358950 
   23 49 0.378929 
   20 49 0.368272 
   24 49 0.354325 
   13 49 0.387014 
   16 49 0.372989 
   19 49 0.360977 
   17 49 0.371479 
   28 49 0.370843 
   18 49 0.362751 
   21 49 0.363201 
   26 49 0.366848 
   22 49 0.372266 
   27 49 0.374408 
   25 49 0.356461 
   29 49 0.361779 
   30 49 0.351394 
   31 49 0.362219 
23 4783063 49 blue_corps8 366210.000000 30 366210.000000 1 4 0 363750.000000
22 4783142 49 red_corps1 366290.000000 25 366290.000000 1 4 0 363750.000000
16 4783228 49 blue_corps5 366350.000000 12 366350.000000 1 2 0 363750.000000
13 4783281 49 red_div5/15 366280.000000 0 366280.000000 1 1 0 363750.000000
4 4783288 49 red_div6/18 365700.000000 9 999999999.000000 2 1 1 363750.000000
14 4783419 49 red_div5/18 365700.000000 8 999999999.000000 2 1 1 363750.000000
16 4784615 blue_corps5 366350.000000 12 363750.000000
4 4784881 red_div6/18 365700.000000 9 363750.000000
14 4785072 red_div5/18 365700.000000 8 363750.000000
23 4785087 blue_corps8 366210.000000 30 363750.000000
22 4785255 red_corps1 366290.000000 25 363750.000000
13 4787930 red_div5/15 366280.000000 0 366140.000000
   0 50 0.392522 
   1 50 0.374064 
   2 50 0.375909 
   3 50 0.371941 
   4 50 0.367486 
   7 50 0.368256 
   10 50 0.357069 
   5 50 0.375870 
   8 50 0.374870 
   6 50 0.369042 
   9 50 0.376732 
   16 50 0.362290 
   13 50 0.371555 
   15 50 0.382220 
   11 50 0.368887 
   23 50 0.365220 
   22 50 0.360883 
   21 50 0.368160 
   12 50 0.373921 
   24 50 0.369730 
   18 50 0.371997 
   14 50 0.373706 
   20 50 0.380906 
   28 50 0.381219 
   25 50 0.376581 
0 4849521 50 red_div5/13 374050.000000 19 999999999.000000 2 1 1 373330.000000
   19 50 0.357704 
   27 50 0.400190 
   26 50 0.365924 
   17 50 0.379786 
   30 50 0.378498 
   29 50 0.364670 
   31 50 0.372653 
28 4849185 50 red_corps15 374860.000000 7 374860.000000 1 1 0 373330.000000
27 4849222 50 red_div8/6 374600.000000 10 374600.000000 1 2 1 373330.000000
20 4849262 50 blue_corps17 375880.000000 6 375880.000000 1 1 0 373330.000000
15 4849316 50 blue_corps12 375290.000000 4 375290.000000 1 3 0 373330.000000
3 4849471 50 blue_corps2 374910.000000 21 374910.000000 1 3 3 373330.000000
0 4851476 red_div5/13 374050.000000 19 373330.000000
28 4850369 red_corps15 374860.000000 7 373330.000000
20 4850910 blue_corps17 375880.000000 6 373330.000000
15 4850928 blue_corps12 375290.000000 4 373330.000000
27 4851277 red_div8/6 374600.000000 10 373330.000000
3 4851476 blue_corps2 374910.000000 21 373330.000000
   0 51 0.377167 
   1 51 0.382419 
   2 51 0.383669 
   3 51 0.356747 
   4 51 0.377710 
   5 51 0.395065 
   6 51 0.386582 
   7 51 0.390802 
   11 51 0.379978 
   12 51 0.393522 
   8 51 0.387520 
   9 51 0.376504 
   14 51 0.369318 
   16 51 0.360635 
   13 51 0.375951 
   10 51 0.398096 
   19 51 0.387447 
   20 51 0.373608 
   15 51 0.363973 
   17 51 0.388879 
   23 51 0.356487 
   24 51 0.371110 
   22 51 0.373051 
   21 51 0.375391 
   18 51 0.375656 
   26 51 0.387413 
   25 51 0.376776 
   27 51 0.361278 
   28 51 0.360181 
   30 51 0.397168 
   29 51 0.377144 
   31 51 0.380767 
30 4915962 51 blue_corps8 383010.000000 16 383010.000000 1 3 0 380070.000000
10 4916233 51 red_div8/6 382990.000000 14 382990.000000 1 2 0 380070.000000
12 4916357 51 red_corps13 388500.000000 15 388500.000000 1 1 0 380070.000000
7 4916427 51 red_corps15 389560.000000 23 389560.000000 1 1 0 380070.000000
5 4916504 51 red_corps17 383250.000000 3 383250.000000 1 1 9 380070.000000
6 4917170 51 blue_corps17 383250.000000 0 383250.000000 1 1 0 382500.000000
12 4918141 red_corps13 388500.000000 15 382500.000000
30 4918137 blue_corps8 383010.000000 16 382500.000000
7 4918159 red_corps15 389560.000000 23 382500.000000
10 4918154 red_div8/6 382990.000000 14 382500.000000
5 4918741 red_corps17 383250.000000 3 382500.000000
6 4919983 blue_corps17 383250.000000 0 382500.000000
   0 52 0.372590 
   2 52 0.374396 
   1 52 0.365678 
   5 52 0.360943 
0 4983922 52 blue_corps17 397990.000000 5 397990.000000 1 1 0 389561.000000
   6 52 0.379605 
   12 52 0.378076 
   11 52 0.369560 
   13 52 0.368463 
   3 52 0.361226 
   4 52 0.385750 
0 4988069 blue_corps17 397990.000000 5 389561.000000
   14 52 0.398715 
   19 52 0.392203 
   18 52 0.362847 
   7 52 0.386181 
   20 52 0.369795 
   9 52 0.372608 
   17 52 0.374483 
   8 52 0.379380 
   10 52 0.371467 
   25 52 0.379297 
   26 52 0.377674 
   15 52 0.366458 
   22 52 0.353494 
   23 52 0.368924 
   16 52 0.379804 
   29 52 0.364642 
   21 52 0.373915 
   24 52 0.369575 
   28 52 0.365383 
   27 52 0.358602 
   31 52 0.374777 
   30 52 0.370992 
7 4983378 52 red_div6/8 392000.000000 3 392000.000000 1 2 0 389561.000000
19 4983437 52 red_div5/13 392050.000000 27 392050.000000 1 1 0 389561.000000
14 4983596 52 red_div7/10 392020.000000 22 392020.000000 1 1 0 389561.000000
6 4983653 52 red_div5/8 391410.000000 13 391410.000000 1 4 1 389561.000000
14 4984685 red_div7/10 392020.000000 22 389561.000000
19 4985155 red_div5/13 392050.000000 27 389561.000000
7 4985486 red_div6/8 392000.000000 3 389561.000000
4 4983472 52 blue_corps15 391770.000000 1 391770.000000 1 3 0 389561.000000
8 4983351 52 red_corps8 391790.000000 15 391790.000000 1 5 14 389561.000000
8 4994000 red_corps8 391790.000000 15 390900.000000
4 4989650 blue_corps15 391770.000000 1 389561.000000
6 4986210 red_div5/8 391410.000000 13 389561.000000
   0 53 0.321210 
   1 53 0.323340 
   2 53 0.305497 
   3 53 0.326662 
   5 53 0.314053 
   6 53 0.302807 
   4 53 0.314185 
   11 53 0.310846 
   13 53 0.322190 
   12 53 0.310774 
   7 53 0.305782 
   14 53 0.314577 
   10 53 0.305663 
   18 53 0.309091 
   8 53 0.303615 
   20 53 0.314917 
   19 53 0.313297 
   17 53 0.316480 
   23 53 0.318668 
   9 53 0.313523 
   21 53 0.319728 
   15 53 0.331127 
0 5051261 53 red_div5/15 398070.000000 6 999999999.000000 2 1 1 397990.000000
   26 53 0.319705 
   25 53 0.319717 
   16 53 0.316226 
   27 53 0.305010 
   22 53 0.338044 
   28 53 0.297912 
   24 53 0.315011 
   29 53 0.311120 
   30 53 0.308370 
   31 53 0.311260 
22 5050961 53 red_corps4 399110.000000 2 399110.000000 1 3 0 397990.000000
15 5051051 53 red_corps8 399190.000000 28 399190.000000 1 6 2 397990.000000
4 5051101 53 red_corps18 398532.000000 18 398532.000000 1 6 0 397990.000000
3 5051156 53 red_div6/8 398610.000000 8 398610.000000 1 1 0 397990.000000
1 5051241 53 blue_corps15 399310.000000 7 399310.000000 1 2 0 397990.000000
5 5051237 53 blue_corps17 398991.000000 27 398991.000000 1 2 0 397990.000000
13 5051414 53 red_div5/8 398610.000000 10 398610.000000 1 1 0 397990.000000
0 5053502 red_div5/15 398070.000000 6 397990.000000
3 5052441 red_div6/8 398610.000000 8 397990.000000
13 5052498 red_div5/8 398610.000000 10 397990.000000
22 5052666 red_corps4 399110.000000 2 397990.000000
4 5052995 red_corps18 398532.000000 18 397990.000000
1 5053018 blue_corps15 399310.000000 7 397990.000000
5 5053130 blue_corps17 398991.000000 27 397990.000000
15 5053980 red_corps8 399190.000000 28 397990.000000
   0 54 0.361954 
   1 54 0.368260 
   2 54 0.396927 
   3 54 0.386787 
   4 54 0.376109 
   6 54 0.371975 
   7 54 0.375380 
   5 54 0.384233 
   9 54 0.381245 
   11 54 0.388209 
   13 54 0.388982 
   12 54 0.368224 
   10 54 0.398632 
   16 54 0.375511 
   8 54 0.393257 
   14 54 0.377798 
   15 54 0.383742 
   22 54 0.389064 
   21 54 0.375748 
   24 54 0.376633 
   17 54 0.382084 
   20 54 0.372470 
   23 54 0.394974 
   18 54 0.382404 
   27 54 0.390223 
   26 54 0.384543 
   28 54 0.381640 
   19 54 0.372592 
   25 54 0.384589 
   30 54 0.373344 
   29 54 0.371027 
   31 54 0.381070 
23 5117590 54 red_corps15 407170.000000 4 407170.000000 1 2 0 405220.000000
27 5117592 54 blue_corps17 412730.000000 6 412730.000000 1 1 0 405220.000000
9 5117748 54 red_corps11 409370.000000 16 409370.000000 1 1 0 405220.000000
8 5117740 54 red_div5/18 406500.000000 1 999999999.000000 2 1 1 405220.000000
3 5117823 54 red_corps17 412730.000000 7 412730.000000 1 1 0 405220.000000
10 5117820 54 red_div5/8 407600.000000 12 407600.000000 1 1 0 405220.000000
2 5117892 54 red_corps4 407890.000000 0 407890.000000 1 8 0 405220.000000
10 5118784 red_div5/8 407600.000000 12 405220.000000
27 5119090 blue_corps17 412730.000000 6 405220.000000
9 5119099 red_corps11 409370.000000 16 405220.000000
8 5119151 red_div5/18 406500.000000 1 405220.000000
3 5119459 red_corps17 412730.000000 7 405220.000000
23 5119834 red_corps15 407170.000000 4 405220.000000
2 5128081 red_corps4 407890.000000 0 406980.000000
   0 55 0.368278 
   2 55 0.365569 
   1 55 0.385419 
   5 55 0.355881 
   6 55 0.368058 
   11 55 0.349072 
   4 55 0.365737 
   3 55 0.352314 
   12 55 0.369069 
   13 55 0.359313 
   20 55 0.365784 
   9 55 0.355965 
   14 55 0.347460 
   7 55 0.365037 
   8 55 0.358140 
   10 55 0.352812 
   18 55 0.375633 
   26 55 0.362641 
   17 55 0.370818 
   15 55 0.360105 
   19 55 0.348945 
   22 55 0.377097 
   23 55 0.349080 
   25 55 0.364178 
   21 55 0.356610 
   16 55 0.366229 
   27 55 0.361773 
   28 55 0.358224 
   29 55 0.352382 
   24 55 0.360835 
   30 55 0.356157 
   31 55 0.358016 
18 5183997 55 red_div6/13 414850.000000 19 999999999.000000 2 1 1 414310.000000
22 5184202 55 red_corps7 415810.000000 23 415810.000000 1 3 0 414310.000000
6 5184335 55 blue_corps17 415810.000000 9 415810.000000 1 2 0 414310.000000
4 5184328 55 blue_corps12 415910.000000 8 415910.000000 1 4 0 414310.000000
1 5184420 55 red_div5/18 414900.000000 11 999999999.000000 2 1 1 414310.000000
18 5185857 red_div6/13 414850.000000 19 414310.000000
6 5186052 blue_corps17 415810.000000 9 414310.000000
22 5186258 red_corps7 415810.000000 23 414310.000000
1 5186642 red_div5/18 414900.000000 11 414310.000000
4 5188235 blue_corps12 415910.000000 8 414310.000000
   0 56 0.374708 
   2 56 0.380785 
   1 56 0.378601 
   5 56 0.371297 
   4 56 0.361179 
   6 56 0.386451 
   11 56 0.387122 
   12 56 0.389854 
   3 56 0.367708 
   9 56 0.367065 
   13 56 0.383408 
   10 56 0.369480 
   20 56 0.370777 
   14 56 0.376252 
   19 56 0.388070 
   7 56 0.381352 
   22 56 0.366477 
   8 56 0.386383 
   18 56 0.372468 
   21 56 0.383152 
   17 56 0.381096 
   15 56 0.377486 
   26 56 0.358705 
   16 56 0.388829 
   25 56 0.383156 
   27 56 0.371599 
   23 56 0.375831 
   29 56 0.374399 
   24 56 0.370703 
   31 56 0.369787 
   28 56 0.373925 
   30 56 0.377496 
8 5250457 56 blue_corps12 424570.000000 9 424570.000000 1 3 0 421450.000000
16 5250497 56 red_corps11 423990.000000 0 423990.000000 1 2 0 421450.000000
13 5250559 56 blue_corps18 428050.000000 31 428050.000000 1 1 0 421450.000000
11 5250576 56 red_div5/18 423300.000000 10 999999999.000000 2 1 2 421450.000000
6 5250596 56 red_div5/15 423880.000000 3 423880.000000 1 1 0 421450.000000
7 5250646 56 red_corps17 427470.000000 4 427470.000000 1 1 0 421450.000000
12 5250694 56 blue_corps13 425150.000000 22 425150.000000 1 1 0 421450.000000
13 5251743 blue_corps18 428050.000000 31 421450.000000
6 5251833 red_div5/15 423880.000000 3 421450.000000
7 5251872 red_corps17 427470.000000 4 421450.000000
12 5251909 blue_corps13 425150.000000 22 421450.000000
11 5252656 red_div5/18 423300.000000 10 421450.000000
16 5254693 red_corps11 423990.000000 0 421450.000000
8 5257832 blue_corps12 424570.000000 9 423790.000000
   0 57 0.374953 
   1 57 0.369692 
   2 57 0.370652 
   4 57 0.372884 
   3 57 0.374601 
   5 57 0.368090 
   6 57 0.356102 
   9 57 0.383677 
   8 57 0.366801 
   7 57 0.373321 
   10 57 0.383714 
   11 57 0.377495 
   13 57 0.367323 
   12 57 0.377872 
   22 57 0.374156 
   21 57 0.377230 
   15 57 0.377744 
   14 57 0.362310 
   24 57 0.373074 
   20 57 0.367348 
   16 57 0.378878 
0 5316946 57 red_corps11 431710.000000 8 431710.000000 1 3 0 431020.000000
   19 57 0.384817 
   23 57 0.375906 
   27 57 0.370643 
   26 57 0.389245 
   28 57 0.379378 
   17 57 0.379030 
   18 57 0.351130 
   30 57 0.363579 
   25 57 0.379045 
   29 57 0.363764 
   31 57 0.374968 
0 5318494 red_corps11 431710.000000 8 431020.000000
26 5316604 57 red_corps14 432290.000000 5 432290.000000 1 5 0 431020.000000
9 5316635 57 red_div6/18 435460.000000 6 435460.000000 1 1 0 431020.000000
19 5316690 57 red_div6/13 432510.000000 1 432510.000000 1 1 0 431020.000000
4 5316734 57 red_corps17 434840.000000 20 434840.000000 1 1 0 431020.000000
10 5316804 57 red_div5/18 435460.000000 18 435460.000000 1 1 0 431020.000000
9 5318058 red_div6/18 435460.000000 6 431020.000000
19 5318181 red_div6/13 432510.000000 1 431020.000000
4 5318242 red_corps17 434840.000000 20 431020.000000
10 5318410 red_div5/18 435460.000000 18 431020.000000
26 5319099 red_corps14 432290.000000 5 431020.000000
   0 58 0.395461 
   2 58 0.370544 
   1 58 0.391950 
   5 58 0.389030 
   3 58 0.379300 
   11 58 0.380493 
   4 58 0.363512 
   6 58 0.369856 
   8 58 0.376769 
   7 58 0.369227 
   12 58 0.382215 
   20 58 0.383386 
   15 58 0.379218 
   14 58 0.381794 
   13 58 0.374365 
   9 58 0.392155 
   16 58 0.379745 
   10 58 0.379951 
   19 58 0.372061 
   23 58 0.387427 
0 5383820 58 red_corps4 441650.000000 4 441650.000000 1 1 0 438190.000000
   26 58 0.361967 
   18 58 0.378235 
   21 58 0.380693 
   28 58 0.380514 
   22 58 0.385512 
   17 58 0.392866 
   24 58 0.371872 
   27 58 0.376988 
   29 58 0.372753 
   25 58 0.378725 
   30 58 0.380045 
0 5385359 red_corps4 441650.000000 4 438190.000000
   31 58 0.385732 
9 5383655 58 blue_corps12 441290.000000 7 441290.000000 1 4 0 438190.000000
12 5383773 58 blue_corps11 445920.000000 8 445920.000000 1 1 0 438190.000000
1 5383805 58 red_div6/13 440660.000000 6 440660.000000 1 1 0 438190.000000
12 5384877 blue_corps11 445920.000000 8 438190.000000
1 5385118 red_div6/13 440660.000000 6 438190.000000
9 5386652 blue_corps12 441290.000000 7 440560.000000
   0 59 0.357118 
   1 59 0.378970 
   2 59 0.381607 
   3 59 0.381448 
   4 59 0.372894 
   5 59 0.386107 
   6 59 0.393855 
   7 59 0.377878 
   9 59 0.351203 
   11 59 0.358241 
   8 59 0.374211 
   13 59 0.364811 
   14 59 0.365094 
   15 59 0.367998 
   12 59 0.361003 
   10 59 0.360594 
   16 59 0.378561 
   17 59 0.381756 
   23 59 0.381793 
   20 59 0.383417 
   21 59 0.380033 
   24 59 0.374502 
   22 59 0.368252 
   18 59 0.378506 
   26 59 0.366831 
   28 59 0.380848 
   19 59 0.365570 
   27 59 0.380683 
   25 59 0.384581 
   30 59 0.359521 
   29 59 0.376863 
   31 59 0.385443 
20 5450114 59 red_corps17 449580.000000 12 449580.000000 1 2 0 447830.000000
21 5450185 59 blue_corps2 449890.000000 13 449890.000000 1 3 0 447830.000000
23 5450209 59 red_corps7 449030.000000 14 449030.000000 1 6 0 447830.000000
6 5450310 59 red_corps5 449510.000000 0 449510.000000 1 4 0 447830.000000
3 5450366 59 red_div5/15 449080.000000 11 449080.000000 1 1 0 447830.000000
5 5450492 59 red_corps14 449090.000000 30 449090.000000 1 6 0 447830.000000
20 5451672 red_corps17 449580.000000 12 447830.000000
3 5451758 red_div5/15 449080.000000 11 447830.000000
21 5452210 blue_corps2 449890.000000 13 447830.000000
23 5452255 red_corps7 449030.000000 14 447830.000000
5 5453494 red_corps14 449090.000000 30 447830.000000
6 5455378 red_corps5 449510.000000 0 447830.000000
   0 60 0.358363 
   2 60 0.374377 
   1 60 0.360804 
   5 60 0.378345 
   6 60 0.378720 
   4 60 0.389400 
   3 60 0.359241 
   11 60 0.396777 
   12 60 0.377025 
   13 60 0.371447 
   9 60 0.347961 
   10 60 0.368769 
   18 60 0.379376 
   19 60 0.372537 
   20 60 0.362689 
   8 60 0.390249 
   14 60 0.381879 
   22 60 0.388371 
   7 60 0.389725 
   17 60 0.374944 
   21 60 0.361205 
   23 60 0.360516 
   26 60 0.350760 
   15 60 0.380298 
   27 60 0.372260 
   16 60 0.368754 
   25 60 0.370260 
   29 60 0.358905 
   24 60 0.364165 
   28 60 0.374425 
   31 60 0.376469 
   30 60 0.385001 
30 5517419 60 red_corps14 457970.000000 16 457970.000000 1 3 0 454980.000000
22 5517592 60 blue_corps13 457910.000000 10 457910.000000 1 4 0 454980.000000
11 5518061 60 red_div5/15 458070.000000 0 458070.000000 1 1 0 457380.000000
4 5518088 60 blue_corps9 457830.000000 3 457830.000000 1 5 0 457380.000000
7 5518094 60 blue_corps12 458050.000000 26 458050.000000 1 5 0 457380.000000
15 5518105 60 red_corps13 461800.000000 1 461800.000000 1 1 0 457380.000000
8 5518309 60 red_div6/8 458651.000000 9 458651.000000 1 1 0 457380.000000
14 5518324 60 red_corps7 457590.000000 29 457590.000000 1 6 0 457380.000000
15 5519217 red_corps13 461800.000000 1 457380.000000
30 5519446 red_corps14 457970.000000 16 457380.000000
8 5519587 red_div6/8 458651.000000 9 457380.000000
22 5520157 blue_corps13 457910.000000 10 457380.000000
4 5520180 blue_corps9 457830.000000 3 457380.000000
7 5521900 blue_corps12 458050.000000 26 457380.000000
14 5521135 red_corps7 457590.000000 29 457380.000000
11 5525040 red_div5/15 458070.000000 0 457380.000000
   0 61 0.379929 
   1 61 0.371237 
   2 61 0.355080 
   3 61 0.363988 
   4 61 0.358631 
   6 61 0.363871 
   5 61 0.352207 
   7 61 0.362950 
   9 61 0.360019 
   8 61 0.355684 
   13 61 0.357873 
   11 61 0.359394 
   12 61 0.362364 
   10 61 0.366565 
   23 61 0.352455 
   22 61 0.352508 
   16 61 0.370378 
   14 61 0.349191 
   18 61 0.360876 
   19 61 0.354926 
   20 61 0.356781 
   27 61 0.351727 
0 5584659 61 red_corps5 471260.000000 14 471260.000000 1 1 0 464010.000000
   15 61 0.360381 
   24 61 0.363702 
   28 61 0.357481 
   21 61 0.360420 
   26 61 0.356567 
   25 61 0.357904 
   17 61 0.367733 
   30 61 0.358344 
0 5586121 red_corps5 471260.000000 14 464010.000000
   29 61 0.365667 
   31 61 0.368267 
9 5584372 61 blue_corps17 471690.000000 13 471690.000000 1 1 0 464010.000000
10 5584446 61 blue_corps13 466710.000000 19 466710.000000 1 2 0 464010.000000
16 5584502 61 blue_corps8 465930.000000 4 465930.000000 1 5 0 464010.000000
1 5584574 61 red_corps13 469130.000000 2 469130.000000 1 1 0 464010.000000
7 5584693 61 blue_corps15 466710.000000 11 466710.000000 1 3 0 464010.000000
9 5585850 blue_corps17 471690.000000 13 464010.000000
1 5586014 red_corps13 469130.000000 2 464010.000000
10 5586313 blue_corps13 466710.000000 19 464010.000000
7 5587042 blue_corps15 466710.000000 11 464010.000000
16 5587096 blue_corps8 465930.000000 4 464010.000000
   0 62 0.387771 
   2 62 0.388609 
   1 62 0.374358 
   6 62 0.373682 
   3 62 0.364623 
   4 62 0.373503 
   5 62 0.378188 
   14 62 0.374164 
   13 62 0.372887 
   11 62 0.385135 
   8 62 0.363638 
   9 62 0.368808 
   12 62 0.373688 
   17 62 0.374127 
   18 62 0.383061 
   10 62 0.371017 
   7 62 0.363315 
   22 62 0.361203 
   25 62 0.379040 
   15 62 0.354381 
   20 62 0.375221 
   19 62 0.374061 
   21 62 0.365863 
   27 62 0.373093 
0 5651327 62 red_div5/15 474280.000000 15 474280.000000 1 0 0 473650.000000
   23 62 0.354516 
   16 62 0.381783 
   24 62 0.364980 
   29 62 0.388773 
   26 62 0.372987 
   28 62 0.373693 
0 5652311 red_div5/15 474280.000000 15 473650.000000
   30 62 0.376687 
   31 62 0.381501 
31 5650763 62 red_corps3 477190.000000 21 477190.000000 1 1 0 473650.000000
29 5650870 62 red_corps7 474410.000000 9 474410.000000 1 5 4 473650.000000
16 5651061 62 red_corps14 474530.000000 7 474530.000000 1 5 0 473650.000000
11 5651108 62 blue_corps15 474510.000000 3 474510.000000 1 2 0 473650.000000
18 5651114 62 red_corps18 474370.000000 8 474370.000000 1 4 0 473650.000000
2 5651277 62 red_corps13 474270.000000 23 474270.000000 1 7 0 473650.000000
31 5652084 red_corps3 477190.000000 21 473650.000000
11 5653018 blue_corps15 474510.000000 3 473650.000000
18 5653185 red_corps18 474370.000000 8 473650.000000
29 5653321 red_corps7 474410.000000 9 473650.000000
2 5653739 red_corps13 474270.000000 23 473650.000000
16 5654101 red_corps14 474530.000000 7 473650.000000
   0 63 0.360469 
   1 63 0.380645 
   2 63 0.373637 
   3 63 0.397574 
   4 63 0.391076 
   7 63 0.367657 
   9 63 0.381669 
   8 63 0.373217 
   6 63 0.385212 
   5 63 0.365278 
   10 63 0.363981 
   23 63 0.387581 
   22 63 0.370264 
   15 63 0.382480 
   13 63 0.388311 
   14 63 0.392819 
   16 63 0.375351 
   21 63 0.382495 
   11 63 0.370367 
   12 63 0.388356 
   28 63 0.390602 
   17 63 0.385683 
   18 63 0.376982 
   24 63 0.378188 
   27 63 0.377288 
   20 63 0.383516 
   19 63 0.386038 
   25 63 0.384186 
   30 63 0.372799 
   26 63 0.366835 
   29 63 0.371133 
   31 63 0.374373 
28 5717783 63 red_corps8 482970.000000 10 482970.000000 1 2 0 480790.000000
12 5717975 63 red_corps17 486430.000000 11 486430.000000 1 1 0 480790.000000
4 5717992 63 red_corps15 483370.000000 5 483370.000000 1 2 0 480790.000000
3 5718035 63 blue_corps9 483190.000000 0 483190.000000 1 5 0 480790.000000
14 5718091 63 red_corps5 483350.000000 7 483350.000000 1 3 0 480790.000000
12 5719117 red_corps17 486430.000000 11 480790.000000
28 5719282 red_corps8 482970.000000 10 480790.000000
4 5719720 red_corps15 483370.000000 5 480790.000000
14 5720292 red_corps5 483350.000000 7 480790.000000
3 5721125 blue_corps9 483190.000000 0 480790.000000
   0 64 0.381259 
   1 64 0.381200 
   2 64 0.382586 
   3 64 0.380329 
   5 64 0.394392 
   4 64 0.368349 
   7 64 0.397040 
   6 64 0.375051 
   8 64 0.386537 
   12 64 0.370939 
   9 64 0.385199 
   11 64 0.393160 
   13 64 0.383715 
   16 64 0.363507 
   10 64 0.389405 
   14 64 0.372552 
   23 64 0.384967 
   22 64 0.361855 
   18 64 0.370871 
   21 64 0.382170 
   20 64 0.375441 
   15 64 0.380405 
   24 64 0.369225 
   19 64 0.377249 
   27 64 0.382449 
   28 64 0.371814 
0 5784536 64 blue_corps9 491050.000000 24 491050.000000 1 6 0 490460.000000
   17 64 0.380299 
   26 64 0.381668 
   30 64 0.374904 
   25 64 0.385095 
   29 64 0.375017 
   31 64 0.377796 
8 5784272 64 blue_corps11 497090.000000 18 497090.000000 1 1 0 490460.000000
11 5784401 64 red_corps17 493800.000000 22 493800.000000 1 1 0 490460.000000
7 5784420 64 red_corps5 493010.000000 16 493010.000000 1 1 0 490460.000000
5 5784451 64 red_corps15 492460.000000 4 492460.000000 1 1 0 490460.000000
7 5785644 red_corps5 493010.000000 16 490460.000000
5 5785722 red_corps15 492460.000000 4 490460.000000
11 5785848 red_corps17 493800.000000 22 490460.000000
8 5785891 blue_corps11 497090.000000 18 490460.000000
0 5787007 blue_corps9 491050.000000 24 490460.000000
   0 65 0.364180 
   1 65 0.377027 
   2 65 0.386049 
   5 65 0.375684 
   4 65 0.380664 
   3 65 0.382482 
   6 65 0.384055 
   11 65 0.381859 
   9 65 0.393070 
   12 65 0.371657 
   7 65 0.384255 
   13 65 0.391073 
   8 65 0.377385 
   10 65 0.387605 
   14 65 0.379806 
   20 65 0.376560 
   15 65 0.386732 
   22 65 0.384866 
   18 65 0.383376 
   16 65 0.376568 
   17 65 0.382418 
   21 65 0.384175 
   25 65 0.385888 
   23 65 0.383826 
   26 65 0.388085 
   27 65 0.384707 
   19 65 0.394464 
   24 65 0.393133 
   28 65 0.368270 
   29 65 0.369877 
   30 65 0.374000 
   31 65 0.380568 
24 5850547 65 red_corps2 500890.000000 1 500890.000000 1 4 0 497620.000000
9 5850639 65 red_corps7 501640.000000 0 999999999.000000 2 1 12 497620.000000
13 5850735 65 blue_corps2 505410.000000 28 505410.000000 1 1 0 497620.000000
19 5850753 65 blue_corps13 505780.000000 29 505780.000000 1 1 4 497620.000000
13 5851831 blue_corps2 505410.000000 28 497620.000000
24 5852066 red_corps2 500890.000000 1 497620.000000
19 5852277 blue_corps13 505780.000000 29 497620.000000
9 5854315 red_corps7 501640.000000 0 499810.000000
   0 66 0.008354 
   0 67 0.000000 
   31 66 0.000933 
   31 67 0.000000 
   17 66 0.001374 
   17 67 0.000000 
   0 68 0.000000 
   28 66 0.007046 
   25 66 0.004510 
   26 66 0.008641 
   28 67 0.000000 
   30 66 0.002009 
   27 66 0.002135 
   26 67 0.000000 
   25 67 0.000000 
   24 66 0.010966 
   30 67 0.000000 
   17 68 0.000000 
   28 68 0.000000 
   31 68 0.000000 
   23 66 0.011451 
   27 67 0.000000 
   24 67 0.000000 
   25 68 0.000000 
   26 68 0.000000 
   30 68 0.000000 
   27 68 0.000000 
   23 67 0.000000 
   24 68 0.000000 
   23 68 0.000000 
   20 66 0.003722 
   29 66 0.008025 
   16 66 0.003854 
   11 66 0.001244 
   20 67 0.000000 
   29 67 0.000000 
   16 67 0.000000 
   11 67 0.000000 
   15 66 0.005201 
   20 68 0.000000 
   19 66 0.006773 
   21 66 0.008183 
   22 66 0.012056 
   12 66 0.013319 
   29 68 0.000000 
   2 66 0.002475 
   16 68 0.000000 
   11 68 0.000000 
   15 67 0.000000 
   5 66 0.005879 
   19 67 0.000000 
   21 67 0.000000 
   12 67 0.000000 
   22 67 0.000000 
   2 67 0.000000 
   15 68 0.000000 
   5 67 0.000000 
   10 66 0.010623 
   19 68 0.000000 
   21 68 0.000000 
   22 68 0.000000 
   12 68 0.000000 
   1 66 0.004334 
   2 68 0.000000 
   5 68 0.000000 
   10 67 0.000000 
   18 66 0.001718 
   14 66 0.004222 
   1 67 0.000000 
   10 68 0.000000 
   9 66 0.006155 
   18 67 0.000000 
   14 67 0.000000 
   1 68 0.000000 
   9 67 0.000000 
   13 66 0.008543 
   18 68 0.000000 
   14 68 0.000000 
   8 66 0.016229 
   9 68 0.000000 
   13 67 0.000000 
   3 66 0.016270 
   8 67 0.000000 
   6 66 0.008483 
   13 68 0.000000 
   3 67 0.000000 
   7 66 0.015356 
   8 68 0.000000 
   6 67 0.000000 
   3 68 0.000000 
   4 66 0.028511 
