Version 2.7

Config File ../balconfig/stb88.cfg.32

Elapsed time for this run was 276.72 seconds


Node	Obj	E+FT	E-FT	E+FR	E-FR	E+FC	e starts	e cmps	e com	e zap	# ssave	# scom	E Sent	E+RT	E-RT	E+RR	E-RR	cr strts	ds strts	cm cr	cm ds	migr	stmigr	imigr	omigr	sqlen	iqlen	oqlen	sqmax,	iqmax,	oqmax	stforw	ctime	cpu	segmax

0	red_div4/4	4706	154	4411	127	4284	2936	2888	2623	127	2889	2624	4907	0	0	0	0	0	0	1	0	0	0	0	0	2	7	3	23	36	36	0	19.209125	20.572437	0

0	stdout	0	0	0	0	0	0	0	0	0	0	0	0	0	0	0	0	0	0	0	0	0	0	0	0	0	0	0	0	0	0	0	0.000000	0.000000	0

0	G0,18	0	0	0	0	0	0	0	0	0	1	1	0	0	0	0	0	0	0	1	0	0	0	0	0	0	0	0	1	0	0	0	0.003125	0.003125	0

0	G0,19	0	0	0	0	0	0	0	0	0	1	1	0	0	0	0	0	0	0	1	0	0	0	0	0	0	0	0	1	0	0	0	0.002625	0.002625	0

0	red_div10/3	0	0	0	0	0	0	0	0	0	1	1	0	0	0	0	0	0	0	1	0	0	0	0	0	0	0	0	1	0	0	0	0.000063	0.000063	0

0	red_div10/6	0	0	0	0	0	0	0	0	0	1	1	0	0	0	0	0	0	0	1	0	0	0	0	0	0	0	0	1	0	0	0	0.000063	0.000063	0

0	red_div10/10	0	0	0	0	0	0	0	0	0	1	1	0	0	0	0	0	0	0	1	0	0	0	0	0	0	0	0	1	0	0	0	0.000063	0.000063	0

0	red_div10/14	0	0	0	0	0	0	0	0	0	1	1	0	0	0	0	0	0	0	1	0	0	0	0	0	0	0	0	1	0	0	0	0.000063	0.000063	0

0	red_div10/16	0	0	0	0	0	0	0	0	0	1	1	0	0	0	0	0	0	0	1	0	0	0	0	0	0	0	0	1	0	0	0	0.000125	0.000125	0

0	red_div2/7	1	0	3	0	3	3	3	3	0	4	4	1	0	0	0	0	0	0	1	0	0	0	0	0	1	0	0	3	2	0	0	0.005750	0.005750	0

0	blue_div4/18	1	0	6	0	6	6	3	3	0	4	4	1	0	0	0	0	0	0	1	0	0	0	0	0	1	0	0	3	5	0	0	0.005313	0.005313	0

0	red_div3/11	1	0	4	0	4	4	3	3	0	4	4	1	0	0	0	0	0	0	1	0	0	0	0	0	1	0	0	2	1	0	0	0.005438	0.005438	0

0	red_corps18	821	45	2597	587	2010	2550	2227	1155	587	2228	1156	1110	0	0	0	0	0	0	1	0	0	0	0	0	2	6	3	21	48	32	0	2.612625	4.344750	0

0	red_corps9	956	35	3483	701	2782	2192	1977	1320	701	1978	1321	1286	0	0	0	0	0	0	1	0	0	0	0	0	3	9	4	21	61	33	0	4.608500	6.507250	0

0	red_div4/10	3856	146	3535	85	3450	2208	2158	1801	85	2159	1802	4169	0	0	0	0	0	0	1	0	0	0	0	0	3	8	4	30	56	54	0	15.119125	16.710438	0

0	red_div3/1	2132	61	1856	45	1811	2023	2002	1801	45	2003	1802	2284	0	0	0	0	0	0	1	0	0	0	0	0	3	5	3	29	43	36	0	8.513188	9.082125	0

0	red_div6/1	2125	54	1854	43	1811	2022	2006	1799	43	2007	1800	2290	0	0	0	0	0	0	1	0	0	0	0	0	3	5	3	30	44	37	0	8.504188	9.180875	0

0	blue_div6/1	7163	154	6789	49	6740	2284	2040	1793	49	2041	1794	7934	0	0	0	0	0	0	1	0	0	0	0	0	3	14	10	29	112	109	0	40.262375	46.647688	0

0	red_div5/2	2131	61	1871	65	1806	1951	1929	1799	65	1930	1800	2223	0	0	0	0	0	0	1	0	0	0	0	0	3	4	2	28	36	35	0	8.509250	8.991312	0

Config eposfs 36
Node 0: Cache Probes 39607, Cache Hits 39592, Cache Misses 15 Hit Ratio 99.96 percent
Migration Count Node 0: Migrations In 0, Migrations Out 0, Routing Faults 0, States Out 0, States In 0, States Not Sent 0
Load Stats: Cycles 0, Imbalances 0, Phase Not Chosen 0
Page Fault Node	0:	0
TW node	0	Cluster node	0	Mach node	192	Physical node	0xffffdc80
Node 0: max msg buffs allocated to free pool = 789
Node 0: num msg buffs released from free pool = 251
Node 0: Max Local Time 51664937 for Object blue_div6/1
Node 0: No home ask needed for pending entry 0 times
Node 0: Objects blocked 0 times
Node 0: Homeasks sent 4 Homeasks received 37
Node 0: Homeans sent 37 Homeans received 4

1	red_div3/4	5307	755	5492	1208	4284	5553	4105	2623	1208	4106	2624	7530	0	0	0	0	0	0	1	0	0	0	0	0	4	9	7	17	43	45	0	19.182125	36.328750	0

2	blue_div4/4	7109	1735	5165	61	5104	5383	4897	2623	61	4898	2624	8848	0	0	0	0	0	0	1	0	0	0	0	0	3	8	6	16	40	35	0	31.454563	52.364000	0

3	blue_div6/4	2096	27	1797	1	1796	1844	1839	1791	1	1840	1792	2125	0	0	0	0	0	0	1	0	0	0	0	0	3	3	2	24	25	28	0	11.467063	11.624750	0

4	red_div7/9	2074	10	1810	8	1802	1876	1862	1798	8	1863	1799	2133	0	0	0	0	0	0	1	0	0	0	0	0	3	4	3	14	18	16	0	8.537875	8.772750	0

5	red_div7/4	2082	13	1807	11	1796	1855	1847	1791	11	1848	1792	2132	0	0	0	0	0	0	1	0	0	0	0	0	3	4	3	21	30	28	0	8.524625	8.702813	0

15	red_div4/1	2208	137	1864	53	1811	2148	2099	1801	53	2100	1802	2415	0	0	0	0	0	0	1	0	0	0	0	0	4	5	4	29	43	41	0	8.521187	9.677938	0

23	red_div8/18	91	2	106	12	94	103	97	87	12	98	88	96	0	0	0	0	0	0	1	0	0	0	0	0	1	0	0	6	9	8	0	0.155438	0.172187	0

11	red_div8/4	2182	113	1890	84	1806	2185	2122	1800	84	2123	1801	2460	0	0	0	0	0	0	1	0	0	0	0	0	4	5	4	38	44	44	0	8.566500	10.131375	0

16	blue_div7/13	4302	596	3480	42	3438	3096	2965	1790	42	2966	1791	5128	0	0	0	0	0	0	1	0	0	0	0	0	3	6	5	32	52	56	0	21.043500	31.515187	0

20	red_div9/17	108	19	97	10	87	110	107	87	10	108	88	113	0	0	0	0	0	0	1	0	0	0	0	0	1	1	0	8	12	11	0	0.151750	0.191875	0

9	red_div4/15	2155	93	1858	61	1797	2064	2045	1797	61	2046	1798	2342	0	0	0	0	0	0	1	0	0	0	0	0	3	7	3	36	54	48	0	8.522250	9.582875	0

8	blue_div7/4	5567	206	5100	8	5092	2580	2236	1796	8	2237	1797	6576	0	0	0	0	0	0	1	0	0	0	0	0	3	11	8	34	56	57	0	30.644188	40.862313	0

6	red_div9/15	2148	86	2014	217	1797	2120	2010	1796	217	2011	1797	2350	0	0	0	0	0	0	1	0	0	0	0	0	3	6	3	11	26	12	0	8.554750	9.971937	0

19	red_div10/9	4553	829	3571	128	3443	3807	3523	2618	128	3524	2619	5016	0	0	0	0	0	0	1	0	0	0	0	0	5	8	7	34	65	70	0	15.975250	20.321500	0

24	red_div4/17	2126	66	1853	53	1800	1924	1905	1792	53	1906	1793	2190	0	0	0	0	0	0	1	0	0	0	0	0	3	4	3	28	38	31	0	8.518625	8.929750	0

12	red_div9/4	2086	17	1818	12	1806	1904	1892	1797	12	1893	1798	2165	0	0	0	0	0	0	1	0	0	0	0	0	3	4	3	11	21	12	0	8.515438	8.871000	0

25	red_div10/4	2230	161	1878	72	1806	2235	2158	1797	72	2159	1798	2528	0	0	0	0	0	0	1	0	0	0	0	0	4	4	4	25	30	28	0	8.531937	10.097125	0

29	red_div10/18	145	56	104	10	94	177	172	90	10	173	91	189	0	0	0	0	0	0	1	0	0	0	0	0	1	0	0	10	10	13	0	0.158250	0.309500	0

7	red_div6/4	3979	260	4671	1208	3463	4129	2627	1798	1208	2628	1799	5871	0	0	0	0	0	0	1	0	0	0	0	0	3	7	5	31	44	46	0	15.219938	28.384375	0

31	red_div8/13	3938	232	3547	104	3443	2621	2498	1794	104	2499	1795	4647	0	0	0	0	0	0	1	0	0	0	0	0	4	9	7	25	60	55	0	15.072062	20.404500	0

17	red_div9/9	4303	579	3510	67	3443	3401	3245	2618	67	3246	2619	4532	0	0	0	0	0	0	1	0	0	0	0	0	4	7	5	34	46	50	0	16.043563	18.434062	0

27	red_div10/1	156	65	107	11	96	189	183	92	11	184	93	215	0	0	0	0	0	0	1	0	0	0	0	0	1	1	1	17	18	23	0	0.160875	0.343438	0

18	red_div8/9	2261	197	1843	41	1802	2119	2053	1798	41	2054	1799	2441	0	0	0	0	0	0	1	0	0	0	0	0	4	5	4	28	35	36	0	8.560438	9.604375	0

21	blue_div6/9	4329	621	4519	1076	3443	4101	2907	1792	1076	2908	1793	5803	0	0	0	0	0	0	1	0	0	0	0	0	4	8	7	22	45	46	0	21.006500	39.434500	0

28	red_div8/1	143	52	109	13	96	169	160	89	13	161	90	181	0	0	0	0	0	0	1	0	0	0	0	0	1	1	1	13	19	21	0	0.156250	0.296375	0

13	red_div5/9	2094	88	2499	696	1803	1262	1099	972	696	1100	973	2199	0	0	0	0	0	0	1	0	0	0	0	0	2	5	3	20	34	38	0	7.705000	8.261000	0

26	blue_div4/9	3774	871	2636	14	2622	3530	3419	2619	14	3420	2620	3833	0	0	0	0	0	0	1	0	0	0	0	0	4	4	4	37	38	41	0	17.067312	18.853687	0

30	red_div9/1	165	74	107	11	96	192	188	92	11	189	93	206	0	0	0	0	0	0	1	0	0	0	0	0	2	1	1	17	17	18	0	0.161375	0.339938	0

10	red_div5/1	2179	108	1844	33	1811	2103	2078	1799	33	2079	1800	2369	0	0	0	0	0	0	1	0	0	0	0	0	3	5	4	25	37	35	0	8.533250	9.411188	0

22	red_div6/7	1327	143	1169	181	988	1361	1258	978	181	1259	979	1558	0	0	0	0	0	0	1	0	0	0	0	0	2	2	2	13	14	16	0	4.450750	6.076562	0

14	blue_div6/15	5519	169	5214	125	5089	2758	2432	1796	125	2433	1797	6929	0	0	0	0	0	0	1	0	0	0	0	0	3	10	7	25	71	71	0	30.626438	45.658187	0

2	stdout	0	0	0	0	0	0	0	0	0	0	0	0	0	0	0	0	0	0	0	0	0	0	0	0	0	0	0	0	0	0	0	0.000000	0.000000	0

3	stdout	0	0	0	0	0	0	0	0	0	0	0	0	0	0	0	0	0	0	0	0	0	0	0	0	0	0	0	0	0	0	0	0.000000	0.000000	0

1	blue_div4/7	5790	418	5100	8	5092	3601	3293	2615	8	3294	2616	6561	0	0	0	0	0	0	1	0	0	0	0	0	4	9	6	31	50	53	0	31.490000	40.442125	0

16	stdout	0	0	0	0	0	0	0	0	0	0	0	0	0	0	0	0	0	0	0	0	0	0	0	0	0	0	0	0	0	0	0	0.000000	0.000000	0

5	red_div7/1	2072	1	1810	14	1796	1932	1928	1793	14	1929	1794	2199	0	0	0	0	0	0	1	0	0	0	0	0	4	5	4	31	38	35	0	8.489125	9.093813	0

8	stdout	0	0	0	0	0	0	0	0	0	0	0	0	0	0	0	0	0	0	0	0	0	0	0	0	0	0	0	0	0	0	0	0.000000	0.000000	0

4	blue_div3/4	7095	1721	5155	51	5104	5307	4829	2623	51	4830	2624	8820	0	0	0	0	0	0	1	0	0	0	0	0	3	8	6	13	30	27	0	31.483812	52.474125	0

7	stdout	0	0	0	0	0	0	0	0	0	0	0	0	0	0	0	0	0	0	0	0	0	0	0	0	0	0	0	0	0	0	0	0.000000	0.000000	0

11	red_div5/13	1219	36	1071	89	982	1137	1101	978	89	1102	979	1285	0	0	0	0	0	0	1	0	0	0	0	0	2	2	1	11	13	14	0	4.482563	4.865750	0

23	red_div9/14	4139	415	3583	140	3443	4098	3822	2616	140	3823	2617	5250	0	0	0	0	0	0	1	0	0	0	0	0	5	8	6	17	22	19	0	15.856188	21.486750	0

9	stdout	0	0	0	0	0	0	0	0	0	0	0	0	0	0	0	0	0	0	0	0	0	0	0	0	0	0	0	0	0	0	0	0.000000	0.000000	0

15	red_div10/12	2100	37	1819	22	1797	1857	1850	1796	22	1851	1797	2128	0	0	0	0	0	0	1	0	0	0	0	0	4	5	4	37	45	47	0	8.505375	8.669063	0

20	red_div8/16	2164	104	1823	28	1795	1965	1931	1790	28	1932	1791	2242	0	0	0	0	0	0	1	0	0	0	0	0	4	4	4	31	35	34	0	8.498437	8.926187	0

19	red_div8/12	2147	84	1879	77	1802	1970	1944	1798	77	1945	1799	2239	0	0	0	0	0	0	1	0	0	0	0	0	4	5	3	32	40	35	0	8.532000	9.298063	0

6	red_div4/12	5812	1267	4498	232	4266	4867	4322	2619	232	4323	2620	7003	0	0	0	0	0	0	1	0	0	0	0	0	4	10	7	14	35	28	0	19.201563	29.742062	0

29	red_div6/18	1431	248	1247	262	985	1778	1588	976	262	1589	977	1965	0	0	0	0	0	0	1	0	0	0	0	0	2	3	3	25	32	31	0	4.468000	7.654687	0

25	blue_div4/13	4410	688	3480	42	3438	3847	3483	2613	42	3484	2614	5022	0	0	0	0	0	0	1	0	0	0	0	0	6	9	7	37	55	53	0	21.908125	28.729375	0

24	blue_corps15	841	0	2738	813	1925	3232	2468	1115	813	2469	1116	1279	0	0	0	0	0	0	1	0	0	0	0	0	2	4	1	15	27	17	0	3.635813	7.350000	0

17	blue_div7/17	3895	191	3524	88	3436	2476	2283	1788	88	2284	1789	4387	0	0	0	0	0	0	1	0	0	0	0	0	3	17	6	28	84	58	0	21.070125	26.452000	0

31	red_corps15	980	127	3599	928	2671	3122	2667	1296	928	2668	1297	1690	0	0	0	0	0	0	1	0	0	0	0	0	3	16	21	50	103	128	0	4.174500	8.470500	0

21	red_div9/7	2144	78	1808	5	1803	1888	1876	1796	5	1877	1797	2158	0	0	0	0	0	0	1	0	0	0	0	0	3	3	3	23	23	26	0	8.484562	8.664813	0

27	blue_div4/15	3714	814	2634	19	2615	3786	3735	2615	19	3736	2616	4258	0	0	0	0	0	0	1	0	0	0	0	0	4	5	5	46	46	52	0	17.039063	24.047687	0

14	stdout	0	0	0	0	0	0	0	0	0	0	0	0	0	0	0	0	0	0	0	0	0	0	0	0	0	0	0	0	0	0	0	0.000000	0.000000	0

13	red_div4/9	3880	167	3800	353	3447	2148	2080	1799	353	2081	1800	4100	0	0	0	0	0	0	1	0	0	0	0	0	3	8	6	32	67	71	0	15.065062	16.668187	0

12	red_div10/15	2085	23	1846	49	1797	1860	1850	1796	49	1851	1797	2123	0	0	0	0	0	0	1	0	0	0	0	0	3	6	3	10	26	11	0	8.542938	8.709062	0

18	blue_div4/6	6365	1814	4304	27	4277	5079	4745	2626	27	4746	2627	7413	0	0	0	0	0	0	1	0	0	0	0	0	5	8	7	38	67	72	0	26.614062	39.936188	0

28	red_div6/9	2195	131	1880	78	1802	2187	2112	1792	78	2113	1793	2482	0	0	0	0	0	0	1	0	0	0	0	0	5	6	5	39	40	45	0	8.522000	10.145000	0

10	red_div7/13	3904	198	3548	105	3443	2461	2330	1794	105	2331	1795	4430	0	0	0	0	0	0	1	0	0	0	0	0	4	9	7	30	65	60	0	15.092688	19.054375	0

30	blue_div3/9	3494	591	2712	90	2622	3434	3344	2619	90	3345	2620	3755	0	0	0	0	0	0	1	0	0	0	0	0	5	6	5	40	55	63	0	17.037437	19.789437	0

26	red_div8/6	2275	207	2195	396	1799	2540	2310	1798	396	2311	1799	2846	0	0	0	0	0	0	1	0	0	0	0	0	4	6	5	26	33	29	0	8.533687	12.031562	0

22	red_div4/13	2240	178	2201	399	1802	2330	2189	1795	399	2190	1796	2553	0	0	0	0	0	0	1	0	0	0	0	0	4	5	4	23	24	27	0	8.533062	11.089937	0

1	red_div6/12	2102	39	1828	26	1802	1860	1849	1796	26	1850	1797	2113	0	0	0	0	0	0	1	0	0	0	0	0	3	5	3	28	33	35	0	8.530188	8.644375	0

2	distrib10	32	0	16	0	16	5	1	1	0	2	2	32	0	0	0	0	0	0	1	0	0	0	0	0	0	0	0	1	0	0	0	0.015938	0.015938	0

3	blue_div1/14	1	0	3	0	3	3	3	3	0	4	4	1	0	0	0	0	0	0	1	0	0	0	0	0	1	0	0	3	2	0	0	0.004563	0.004563	0

4	blue_div7/18	2123	64	1882	92	1790	2023	1973	1790	92	1974	1791	2189	0	0	0	0	0	0	1	0	0	0	0	0	3	19	2	13	56	14	0	11.509813	12.065062	0

5	blue_div5/4	6416	1051	5586	480	5106	4033	3316	1795	480	3317	1796	9285	0	0	0	0	0	0	1	0	0	0	0	0	2	9	7	19	77	81	0	30.865750	62.835000	0

15	red_div7/12	2146	83	1883	81	1802	2040	1996	1798	81	1997	1799	2321	0	0	0	0	0	0	1	0	0	0	0	0	4	5	4	29	40	39	0	8.515937	9.562875	0

23	blue_div7/2	4029	313	3453	9	3444	2829	2571	1793	9	2572	1794	4883	0	0	0	0	0	0	1	0	0	0	0	0	3	7	5	19	36	35	0	21.033812	29.780875	0

11	red_div8/15	3838	132	3509	61	3448	2171	2060	1798	61	2061	1799	4091	0	0	0	0	0	0	1	0	0	0	0	0	3	9	7	28	64	62	0	15.104250	16.769188	0

16	distrib6	32	0	16	0	16	10	1	1	0	2	2	64	0	0	0	0	0	0	1	0	0	0	0	0	0	0	0	1	0	0	0	0.016563	0.033688	0

20	red_div6/14	2244	182	1855	58	1797	2167	2124	1794	58	2125	1795	2395	0	0	0	0	0	0	1	0	0	0	0	0	4	5	4	26	35	34	0	8.477063	9.396000	0

8	blue_div1/3	1	0	6	0	6	6	3	3	0	4	4	1	0	0	0	0	0	0	1	0	0	0	0	0	1	0	0	3	5	0	0	0.005562	0.005562	0

9	blue_div1/7	1	0	4	0	4	3	3	3	0	4	4	1	0	0	0	0	0	0	1	0	0	0	0	0	1	0	0	3	3	0	0	0.005125	0.005125	0

6	red_div8/3	91	0	97	8	89	94	93	89	8	94	90	91	0	0	0	0	0	0	1	0	0	0	0	0	1	0	0	4	5	3	0	0.161188	0.165500	0

19	blue_div6/14	3875	169	3694	251	3443	2413	2184	1794	251	2185	1795	4353	0	0	0	0	0	0	1	0	0	0	0	0	3	12	6	15	47	32	0	21.061937	25.954187	0

24	stdout	0	0	0	0	0	0	0	0	0	0	0	0	0	0	0	0	0	0	0	0	0	0	0	0	0	0	0	0	0	0	0	0.000000	0.000000	0

12	stdout	0	0	0	0	0	0	0	0	0	0	0	0	0	0	0	0	0	0	0	0	0	0	0	0	0	0	0	0	0	0	0	0.000000	0.000000	0

25	blue_div7/6	4387	673	3450	8	3442	3382	3122	1794	8	3123	1795	5611	0	0	0	0	0	0	1	0	0	0	0	0	4	8	8	29	55	57	0	21.037625	33.609875	0

29	red_div8/17	2203	143	1828	33	1795	2066	2039	1792	33	2040	1793	2335	0	0	0	0	0	0	1	0	0	0	0	0	4	5	5	28	35	37	0	8.547437	9.296688	0

7	blue_div5/3	1	0	6	0	6	6	6	3	0	7	4	1	0	0	0	0	0	0	1	0	0	0	0	0	1	0	0	3	5	0	0	0.005812	0.009563	0

31	stdout	0	0	0	0	0	0	0	0	0	0	0	0	0	0	0	0	0	0	0	0	0	0	0	0	0	0	0	0	0	0	0	0.000000	0.000000	0

17	blue_div3/10	6323	1775	4418	150	4268	5495	5172	2614	150	5173	2615	7694	0	0	0	0	0	0	1	0	0	0	0	0	5	12	8	39	92	86	0	26.638063	44.692375	0

27	red_div6/15	3924	218	3538	90	3448	2711	2398	1796	90	2399	1797	4642	0	0	0	0	0	0	1	0	0	0	0	0	4	10	7	29	64	60	0	15.084500	20.158875	0

18	blue_div7/15	4088	382	3450	12	3438	2807	2582	1792	12	2583	1793	4760	0	0	0	0	0	0	1	0	0	0	0	0	3	7	6	12	18	16	0	21.052563	28.954438	0

21	red_div4/18	2089	30	1832	27	1805	1906	1891	1798	27	1892	1799	2125	0	0	0	0	0	0	1	0	0	0	0	0	3	3	2	20	24	23	0	8.503375	8.724375	0

28	blue_div5/13	3946	240	3529	86	3443	2511	2281	1794	86	2282	1795	4491	0	0	0	0	0	0	1	0	0	0	0	0	4	9	8	29	65	66	0	20.996125	25.980750	0

13	blue_div7/3	4176	461	3605	161	3444	2765	2363	1792	161	2364	1793	4456	0	0	0	0	0	0	1	0	0	0	0	0	5	29	28	61	117	120	0	21.015313	23.951375	0

26	red_div7/17	2153	93	1914	119	1795	2101	2019	1792	119	2020	1793	2377	0	0	0	0	0	0	1	0	0	0	0	0	4	5	4	25	32	28	0	8.515875	9.890187	0

30	blue_div6/13	4046	340	3547	104	3443	2951	2563	1794	104	2564	1795	4937	0	0	0	0	0	0	1	0	0	0	0	0	4	10	9	33	61	63	0	21.012000	29.740437	0

10	blue_div5/15	5574	224	5202	113	5089	2758	2395	1796	113	2396	1797	6872	0	0	0	0	0	0	1	0	0	0	0	0	3	11	7	32	82	81	0	30.633750	44.244563	0

22	blue_div5/12	3310	423	3288	660	2628	3220	2675	1796	660	2676	1797	4267	0	0	0	0	0	0	1	0	0	0	0	0	3	5	4	16	21	22	0	16.287875	28.155875	0

14	red_div2/6	1	0	3	0	3	3	3	3	0	4	4	1	0	0	0	0	0	0	1	0	0	0	0	0	1	0	0	3	2	0	0	0.004500	0.004500	0

2	blue_div2/4	1	0	3	0	3	3	3	3	0	4	4	1	0	0	0	0	0	0	1	0	0	0	0	0	1	0	0	2	2	0	0	0.005125	0.005125	0

3	red_div2/16	1	0	3	0	3	3	3	3	0	4	4	1	0	0	0	0	0	0	1	0	0	0	0	0	1	0	0	3	2	0	0	0.004875	0.004875	0

1	stdout	0	0	0	0	0	0	0	0	0	0	0	0	0	0	0	0	0	0	0	0	0	0	0	0	0	0	0	0	0	0	0	0.000000	0.000000	0

16	blue_div2/5	1	0	3	0	3	3	3	3	0	4	4	1	0	0	0	0	0	0	1	0	0	0	0	0	1	0	0	3	2	0	0	0.004625	0.004625	0

5	blue_div7/1	2130	59	1798	2	1796	1981	1971	1793	2	1972	1794	2254	0	0	0	0	0	0	1	0	0	0	0	0	4	4	3	31	32	35	0	11.473500	12.399000	0

8	red_div1/6	1	0	3	0	3	3	3	3	0	4	4	1	0	0	0	0	0	0	1	0	0	0	0	0	1	0	0	3	2	0	0	0.005063	0.005063	0

4	red_div5/7	1246	62	1136	148	988	1235	1126	978	148	1127	979	1436	0	0	0	0	0	0	1	0	0	0	0	0	2	1	1	8	11	7	0	4.471125	5.993188	0

7	red_div1/11	1	0	4	0	4	4	3	3	0	4	4	1	0	0	0	0	0	0	1	0	0	0	0	0	1	0	0	3	3	0	0	0.004938	0.004938	0

11	blue_div6/12	5621	270	5110	26	5084	3241	2661	1792	26	2662	1793	7378	0	0	0	0	0	0	1	0	0	0	0	0	3	11	8	28	72	73	0	30.609500	50.332625	0

23	blue_corps9	916	5	3325	1035	2290	2822	1973	1116	1035	1974	1117	1934	0	0	0	0	0	0	1	0	0	0	0	0	2	7	5	12	34	34	0	4.241125	7.244187	0

9	blue_div1/18	1	0	6	0	6	6	4	3	0	5	4	1	0	0	0	0	0	0	1	0	0	0	0	0	1	0	0	3	5	0	0	0.005250	0.006250	0

15	red_corps2	832	105	2419	325	2094	1450	1302	848	325	1303	849	1270	0	0	0	0	0	0	1	0	0	0	0	0	2	10	8	34	67	65	0	2.729437	3.904688	0

20	blue_div4/16	6019	1475	4411	142	4269	5042	4569	2616	142	4570	2617	7212	0	0	0	0	0	0	1	0	0	0	0	0	5	10	9	41	51	53	0	26.595750	41.039125	0

19	stdout	0	0	0	0	0	0	0	0	0	0	0	0	0	0	0	0	0	0	0	0	0	0	0	0	0	0	0	0	0	0	0	0.000000	0.000000	0

6	red_corps13	853	0	3247	635	2612	2855	2320	1290	635	2321	1291	1417	0	0	0	0	0	0	1	0	0	0	0	0	2	7	3	9	39	17	0	3.941125	6.544812	0

29	blue_div5/6	4295	577	3635	179	3456	3389	2756	1798	179	2757	1799	5366	0	0	0	0	0	0	1	0	0	0	0	0	4	7	7	34	60	64	0	21.204438	32.446312	0

25	red_div7/15	4097	391	3503	55	3448	2914	2492	1798	55	2493	1799	4777	0	0	0	0	0	0	1	0	0	0	0	0	4	9	6	30	64	53	0	15.082187	20.548063	0

24	blue_div2/3	1	0	6	0	6	3	3	3	0	4	4	1	0	0	0	0	0	0	1	0	0	0	0	0	1	0	0	3	5	0	0	0.005188	0.005188	0

17	red_div5/14	2284	277	2484	676	1808	2134	1532	973	676	1533	974	3187	0	0	0	0	0	0	1	0	0	0	0	0	2	4	3	14	23	26	0	7.751563	14.889375	0

31	distrib2	34	0	17	0	17	9	1	1	0	2	2	34	0	0	0	0	0	0	1	0	0	0	0	0	0	0	0	1	0	0	0	0.018625	0.018625	0

21	red_div10/17	95	6	100	13	87	96	95	87	13	96	88	98	0	0	0	0	0	0	1	0	0	0	0	0	1	1	0	7	12	8	0	0.153312	0.168125	0

27	blue_div7/12	3897	190	3440	2	3438	2566	2451	1792	2	2452	1793	4591	0	0	0	0	0	0	1	0	0	0	0	0	4	9	7	40	75	81	0	20.975687	28.911062	0

14	blue_div3/11	1	0	6	0	6	3	3	3	0	4	4	1	0	0	0	0	0	0	1	0	0	0	0	0	1	0	0	3	5	0	0	0.005188	0.005188	0

13	stdout	0	0	2	2	0	0	0	0	2	0	0	0	0	0	0	0	0	0	0	0	0	0	0	0	0	0	0	0	0	0	0	0.000000	0.000000	0

12	blue_div1/4	1	0	3	0	3	3	3	3	0	4	4	1	0	0	0	0	0	0	1	0	0	0	0	0	1	0	0	3	2	0	0	0.004625	0.004625	0

18	red_div8/10	4261	536	3513	70	3443	3558	3323	2621	70	3324	2622	4673	0	0	0	0	0	0	1	0	0	0	0	0	6	9	8	36	49	49	0	15.974500	18.330500	0

28	blue_div4/8	4777	1053	3525	83	3442	4064	3844	2613	83	3845	2614	5452	0	0	0	0	0	0	1	0	0	0	0	0	6	9	8	47	71	70	0	21.829313	29.748438	0

10	blue_div5/8	3931	220	3605	160	3445	2536	2325	1792	160	2326	1793	4527	0	0	0	0	0	0	1	0	0	0	0	0	4	11	10	41	82	89	0	21.006875	26.778500	0

30	red_div5/15	1678	495	1636	659	977	2108	1762	974	659	1763	975	2224	0	0	0	0	0	0	1	0	0	0	0	0	3	5	5	33	36	39	0	4.434437	9.038750	0

26	red_div9/3	96	5	90	1	89	95	95	86	1	96	87	103	0	0	0	0	0	0	1	0	0	0	0	0	1	0	0	5	5	8	0	0.153188	0.170063	0

22	red_div6/11	2198	135	2155	353	1802	2171	2044	1796	353	2045	1797	2411	0	0	0	0	0	0	1	0	0	0	0	0	4	4	3	13	14	13	0	8.512000	10.187563	0

1	distrib5	34	0	17	0	17	12	2	1	0	3	2	69	0	0	0	0	0	0	1	0	0	0	0	0	0	0	0	1	0	0	0	0.016938	0.036375	0

2	blue_div2/17	1	0	6	0	6	3	3	3	0	4	4	1	0	0	0	0	0	0	1	0	0	0	0	0	0	0	0	1	5	0	0	0.006188	0.006188	0

3	red_div1/4	1	0	3	0	3	3	3	3	0	4	4	1	0	0	0	0	0	0	1	0	0	0	0	0	1	0	0	3	2	0	0	0.004688	0.004688	0

4	red_div5/3	2178	109	2339	533	1806	2150	2006	1795	533	2007	1796	2370	0	0	0	0	0	0	1	0	0	0	0	0	3	4	3	10	13	11	0	8.566562	10.127562	0

5	stdout	0	0	0	0	0	0	0	0	0	0	0	0	0	0	0	0	0	0	0	0	0	0	0	0	0	0	0	0	0	0	0	0.000000	0.000000	0

15	stdout	0	0	2	2	0	0	0	0	2	0	0	0	0	0	0	0	0	0	0	0	0	0	0	0	0	0	0	0	0	0	0	0.000000	0.000000	0

23	stdout	0	0	0	0	0	0	0	0	0	0	0	0	0	0	0	0	0	0	0	0	0	0	0	0	0	0	0	0	0	0	0	0.000000	0.000000	0

11	blue_div5/14	3955	249	3492	54	3438	2195	2149	1790	54	2150	1791	4114	0	0	0	0	0	0	1	0	0	0	0	0	4	12	9	25	52	53	0	21.085750	22.413438	0

16	blue_div2/1	1	0	7	1	6	3	3	3	1	4	4	1	0	0	0	0	0	0	1	0	0	0	0	0	1	0	0	3	5	0	0	0.005812	0.005812	0

20	blue_div6/5	4275	561	3460	18	3442	3223	2964	1794	18	2965	1795	5243	0	0	0	0	0	0	1	0	0	0	0	0	5	9	8	36	60	63	0	21.013000	31.496875	0

8	blue_div3/13	1	0	4	0	4	4	3	3	0	4	4	1	0	0	0	0	0	0	1	0	0	0	0	0	1	0	0	3	3	0	0	0.004875	0.004875	0

9	red_div3/15	1	0	4	0	4	4	3	3	0	4	4	1	0	0	0	0	0	0	1	0	0	0	0	0	1	0	0	3	3	0	0	0.005250	0.005250	0

6	stdout	0	0	0	0	0	0	0	0	0	0	0	0	0	0	0	0	0	0	0	0	0	0	0	0	0	0	0	0	0	0	0	0.000000	0.000000	0

19	blue_div1/15	1	0	4	0	4	3	3	3	0	4	4	1	0	0	0	0	0	0	1	0	0	0	0	0	1	0	0	3	3	0	0	0.004813	0.004813	0

24	red_div2/4	1	0	3	0	3	3	3	3	0	4	4	1	0	0	0	0	0	0	1	0	0	0	0	0	1	0	0	2	2	0	0	0.004625	0.004625	0

12	blue_div2/13	1	0	4	0	4	3	3	3	0	4	4	1	0	0	0	0	0	0	1	0	0	0	0	0	1	0	0	2	3	0	0	0.005375	0.005375	0

25	red_div9/2	104	13	104	15	89	107	104	89	15	105	90	111	0	0	0	0	0	0	1	0	0	0	0	0	1	1	0	6	11	9	0	0.154688	0.187688	0

29	blue_div4/12	3211	310	2852	227	2625	3224	3067	2622	227	3068	2623	3478	0	0	0	0	0	0	1	0	0	0	0	0	5	6	5	21	23	25	0	17.143187	20.039000	0

7	red_div2/18	1	0	3	0	3	3	3	3	0	4	4	1	0	0	0	0	0	0	1	0	0	0	0	0	1	0	0	3	2	0	0	0.005063	0.005063	0

31	distrib11	34	0	17	0	17	1	1	1	0	2	2	34	0	0	0	0	0	0	1	0	0	0	0	0	0	0	0	1	0	0	0	0.018312	0.018312	0

17	red_div7/2	2114	44	1867	66	1801	1942	1912	1797	66	1913	1798	2205	0	0	0	0	0	0	1	0	0	0	0	0	3	4	3	15	25	20	0	8.574813	9.063625	0

27	blue_corps14	1094	183	3136	852	2284	2425	2046	1107	852	2047	1108	1966	0	0	0	0	0	0	1	0	0	0	0	0	3	17	25	35	84	137	0	4.390562	7.128438	0

18	blue_corps12	911	0	3176	889	2287	2804	2081	1110	889	2082	1111	1963	0	0	0	0	0	0	1	0	0	0	0	0	2	7	5	16	38	21	0	3.899062	6.910500	0

21	red_div8/14	3979	255	3520	77	3443	3611	3386	2619	77	3387	2620	4683	0	0	0	0	0	0	1	0	0	0	0	0	4	7	5	18	25	25	0	15.939375	19.408812	0

28	blue_div3/12	3078	177	2680	55	2625	2924	2871	2622	55	2872	2623	3214	0	0	0	0	0	0	1	0	0	0	0	0	4	5	4	19	22	25	0	17.052375	18.378812	0

13	distrib13	34	0	17	0	17	14	1	1	0	2	2	58	0	0	0	0	0	0	1	0	0	0	0	0	0	0	0	1	0	0	0	0.018812	0.032062	0

26	red_corps14	919	0	3971	1198	2773	4368	3206	1322	1198	3207	1323	3443	0	0	0	0	0	0	1	0	0	0	0	0	3	10	10	14	41	44	0	4.533062	10.618625	0

30	red_div6/16	2163	103	1838	43	1795	1982	1965	1790	43	1966	1791	2253	0	0	0	0	0	0	1	0	0	0	0	0	4	5	5	45	44	50	0	8.531812	9.065812	0

10	stdout	0	0	0	0	0	0	0	0	0	0	0	0	0	0	0	0	0	0	0	0	0	0	0	0	0	0	0	0	0	0	0	0.000000	0.000000	0

22	blue_div4/14	5275	730	4440	174	4266	4242	3800	2615	174	3801	2616	6267	0	0	0	0	0	0	1	0	0	0	0	0	5	14	12	41	78	82	0	26.603188	37.292437	0

14	red_div2/5	1	0	4	0	4	3	3	3	0	4	4	1	0	0	0	0	0	0	1	0	0	0	0	0	1	0	0	3	3	0	0	0.005375	0.005375	0

2	blue_div3/15	1	0	4	0	4	3	3	3	0	4	4	1	0	0	0	0	0	0	1	0	0	0	0	0	0	0	0	1	3	0	0	0.004813	0.004813	0

3	red_div2/12	1	0	4	0	4	4	3	3	0	4	4	1	0	0	0	0	0	0	1	0	0	0	0	0	1	0	0	3	3	0	0	0.004938	0.004938	0

1	blue_div1/10	1	0	3	0	3	3	3	3	0	4	4	1	0	0	0	0	0	0	1	0	0	0	0	0	1	0	0	3	2	0	0	0.004625	0.004625	0

16	G0,4	269	87	124	17	107	87	77	57	17	78	58	360	0	0	0	0	0	0	1	0	0	0	0	0	1	2	2	21	55	98	0	15.391937	21.851750	0

5	blue_div1/9	1	0	3	0	3	3	3	3	0	4	4	1	0	0	0	0	0	0	1	0	0	0	0	0	1	0	0	3	2	0	0	0.005688	0.005688	0

8	blue_div6/8	3970	259	3529	84	3445	2504	2373	1792	84	2374	1793	4535	0	0	0	0	0	0	1	0	0	0	0	0	4	9	7	33	66	57	0	21.039625	25.595312	0

4	blue_corps2	589	16	1557	447	1110	1328	1153	772	447	1154	773	699	0	0	0	0	0	0	1	0	0	0	0	0	2	5	4	6	24	24	0	1.987000	2.764250	0

7	red_corps16	987	81	3293	474	2819	1959	1752	1116	474	1753	1117	1512	0	0	0	0	0	0	1	0	0	0	0	0	2	10	6	24	74	64	0	4.694937	6.620813	0

11	stdout	0	0	0	0	0	0	0	0	0	0	0	0	0	0	0	0	0	0	0	0	0	0	0	0	0	0	0	0	0	0	0	0.000000	0.000000	0

23	distrib3	32	0	16	0	16	1	1	1	0	2	2	32	0	0	0	0	0	0	1	0	0	0	0	0	0	0	0	1	0	0	0	0.016875	0.016875	0

9	red_corps6	987	68	3479	627	2852	1718	1595	1099	627	1596	1100	1610	0	0	0	0	0	0	1	0	0	0	0	0	2	13	8	39	80	80	0	4.686875	6.079187	0

15	blue_div2/7	1	0	4	0	4	3	3	3	0	4	4	1	0	0	0	0	0	0	1	0	0	0	0	0	1	0	0	3	3	0	0	0.004750	0.004750	0

20	red_div9/10	4322	597	3555	112	3443	4007	3721	2620	112	3722	2621	5214	0	0	0	0	0	0	1	0	0	0	0	0	6	9	9	36	49	54	0	15.911125	20.218062	0

19	blue_div3/3	1	0	6	0	6	3	3	3	0	4	4	1	0	0	0	0	0	0	1	0	0	0	0	0	1	0	0	3	5	0	0	0.005250	0.005250	0

6	distrib4	34	0	17	0	17	8	1	1	0	2	2	45	0	0	0	0	0	0	1	0	0	0	0	0	0	0	0	1	0	0	0	0.018937	0.025687	0

29	red_div3/14	3985	279	3655	207	3448	2503	2346	1798	207	2347	1799	4521	0	0	0	0	0	0	1	0	0	0	0	0	4	10	8	29	54	63	0	15.110375	17.973437	0

25	red_corps10	919	0	4102	1320	2782	4350	3327	1321	1320	3328	1322	3223	0	0	0	0	0	0	1	0	0	0	0	0	3	10	10	16	45	24	0	4.531750	11.337438	0

24	red_div2/17	1	0	4	0	4	3	3	3	0	4	4	1	0	0	0	0	0	0	1	0	0	0	0	0	1	0	0	2	3	0	0	0.004813	0.004813	0

17	stdout	0	0	0	0	0	0	0	0	0	0	0	0	0	0	0	0	0	0	0	0	0	0	0	0	0	0	0	0	0	0	0	0.000000	0.000000	0

31	red_div1/16	1	0	3	0	3	3	3	3	0	4	4	1	0	0	0	0	0	0	1	0	0	0	0	0	1	0	0	3	2	0	0	0.004625	0.004625	0

21	stdout	0	0	0	0	0	0	0	0	0	0	0	0	0	0	0	0	0	0	0	0	0	0	0	0	0	0	0	0	0	0	0	0.000000	0.000000	0

27	stdout	0	0	0	0	0	0	0	0	0	0	0	0	0	0	0	0	0	0	0	0	0	0	0	0	0	0	0	0	0	0	0	0.000000	0.000000	0

14	blue_div7/16	3741	37	3444	8	3436	1979	1917	1786	8	1918	1787	3901	0	0	0	0	0	0	1	0	0	0	0	0	3	7	4	28	56	56	0	21.036375	22.538062	0

13	distrib15	34	0	17	0	17	1	1	1	0	2	2	34	0	0	0	0	0	0	1	0	0	0	0	0	0	0	0	1	0	0	0	0.019250	0.019250	0

12	blue_div5/17	1	0	6	0	6	3	3	3	0	4	4	1	0	0	0	0	0	0	1	0	0	0	0	0	0	0	0	1	5	0	0	0.005688	0.005688	0

18	stdout	0	0	0	0	0	0	0	0	0	0	0	0	0	0	0	0	0	0	0	0	0	0	0	0	0	0	0	0	0	0	0	0.000000	0.000000	0

28	stdout	0	0	2	2	0	0	0	0	2	0	0	0	0	0	0	0	0	0	0	0	0	0	0	0	0	0	0	0	0	0	0	0.000000	0.000000	0

10	blue_div1/5	1	0	3	0	3	3	3	3	0	4	4	1	0	0	0	0	0	0	1	0	0	0	0	0	1	0	0	3	2	0	0	0.005125	0.005125	0

30	blue_div5/16	3921	213	3666	214	3452	2731	2291	1790	214	2292	1791	4761	0	0	0	0	0	0	1	0	0	0	0	0	3	8	6	39	57	58	0	21.152938	29.339875	0

26	stdout	0	0	0	0	0	0	0	0	0	0	0	0	0	0	0	0	0	0	0	0	0	0	0	0	0	0	0	0	0	0	0	0.000000	0.000000	0

22	red_div10/2	113	22	104	15	89	116	112	89	15	113	90	123	0	0	0	0	0	0	1	0	0	0	0	0	1	1	0	8	11	12	0	0.159000	0.209687	0

1	red_div1/13	1	0	4	0	4	3	3	3	0	4	4	1	0	0	0	0	0	0	1	0	0	0	0	0	1	0	0	3	3	0	0	0.004875	0.004875	0

2	G0,16	191	64	95	11	84	102	86	45	11	87	46	285	0	0	0	0	0	0	1	0	0	0	0	0	1	2	2	16	34	54	0	12.104188	24.001062	0

3	red_div3/6	4681	131	4590	313	4277	2987	2926	2626	313	2927	2627	4998	0	0	0	0	0	0	1	0	0	0	0	0	4	10	7	41	71	71	0	19.260875	21.034125	0

4	stdout	0	0	0	0	0	0	0	0	0	0	0	0	0	0	0	0	0	0	0	0	0	0	0	0	0	0	0	0	0	0	0	0.000000	0.000000	0

5	red_div2/1	1	0	4	1	3	3	3	3	1	4	4	1	0	0	0	0	0	0	1	0	0	0	0	0	1	0	0	3	2	0	0	0.004625	0.004625	0

15	blue_div3/17	1	0	6	0	6	6	3	3	0	4	4	1	0	0	0	0	0	0	1	0	0	0	0	0	1	0	0	3	5	0	0	0.005500	0.005500	0

23	blue_div1/16	1	0	3	0	3	3	3	3	0	4	4	1	0	0	0	0	0	0	1	0	0	0	0	0	1	0	0	3	2	0	0	0.004875	0.004875	0

11	blue_div3/7	1	0	4	0	4	4	4	3	0	5	4	1	0	0	0	0	0	0	1	0	0	0	0	0	1	0	0	3	3	0	0	0.005000	0.006063	0

16	red_div3/8	2	1	5	1	4	4	4	3	1	5	4	2	0	0	0	0	0	0	1	0	0	0	0	0	1	0	0	3	3	0	0	0.005250	0.008125	0

20	blue_corps5	911	0	3585	1286	2299	2782	2145	1092	1286	2146	1093	2129	0	0	0	0	0	0	1	0	0	0	0	0	3	8	7	27	47	59	0	4.191125	7.750938	0

8	red_corps12	1037	116	3498	677	2821	1885	1732	1098	677	1733	1099	1726	0	0	0	0	0	0	1	0	0	0	0	0	3	13	9	34	92	72	0	4.640187	6.607625	0

9	blue_div7/7	5516	159	5095	8	5087	2602	2298	1791	8	2299	1792	6795	0	0	0	0	0	0	1	0	0	0	0	0	3	10	7	35	79	77	0	30.573875	44.179938	0

6	blue_div1/2	1	0	6	0	6	3	3	3	0	4	4	1	0	0	0	0	0	0	1	0	0	0	0	0	0	0	0	1	2	0	0	0.005938	0.005938	0

19	red_div1/7	1	0	3	0	3	3	3	3	0	4	4	1	0	0	0	0	0	0	1	0	0	0	0	0	1	0	0	3	2	0	0	0.004688	0.004688	0

24	G0,3	238	8	127	16	111	74	58	57	16	59	58	262	0	0	0	0	0	0	1	0	0	0	0	0	1	2	2	20	53	109	0	15.858375	16.806125	0

12	G0,17	272	96	112	17	95	127	103	54	17	104	55	340	0	0	0	0	0	0	1	0	0	0	0	0	1	2	2	18	39	66	0	14.820937	29.342188	0

25	stdout	0	0	0	0	0	0	0	0	0	0	0	0	0	0	0	0	0	0	0	0	0	0	0	0	0	0	0	0	0	0	0	0.000000	0.000000	0

29	blue_div2/11	1	0	6	0	6	6	3	3	0	4	4	1	0	0	0	0	0	0	1	0	0	0	0	0	1	0	0	3	5	0	0	0.005812	0.005812	0

7	blue_corps8	896	55	2591	656	1935	1831	1680	1093	656	1681	1094	1130	0	0	0	0	0	0	1	0	0	0	0	0	3	11	5	36	79	38	0	3.474875	4.989687	0

31	red_div2/3	1	0	3	0	3	3	3	3	0	4	4	1	0	0	0	0	0	0	1	0	0	0	0	0	1	0	0	3	2	0	0	0.004625	0.004625	0

17	distrib1	34	0	17	0	17	12	1	1	0	2	2	34	0	0	0	0	0	0	1	0	0	0	0	0	0	0	0	1	0	0	0	0.016500	0.016500	0

27	blue_div2/16	1	0	3	0	3	3	3	3	0	4	4	1	0	0	0	0	0	0	1	0	0	0	0	0	1	0	0	3	2	0	0	0.006250	0.006250	0

18	distrib12	34	0	17	0	17	7	1	1	0	2	2	34	0	0	0	0	0	0	1	0	0	0	0	0	0	0	0	1	0	0	0	0.017750	0.017750	0

21	distrib9	34	0	17	0	17	3	2	1	0	3	2	48	0	0	0	0	0	0	1	0	0	0	0	0	0	0	0	1	0	0	0	0.018625	0.025437	0

28	red_div1/10	1	0	3	0	3	3	3	3	0	4	4	1	0	0	0	0	0	0	1	0	0	0	0	0	1	0	0	3	2	0	0	0.004938	0.004938	0

13	blue_div1/6	1	0	3	0	3	3	3	3	0	4	4	1	0	0	0	0	0	0	1	0	0	0	0	0	1	0	0	3	2	0	0	0.004625	0.004625	0

26	distrib7	34	0	17	0	17	1	1	1	0	2	2	34	0	0	0	0	0	0	1	0	0	0	0	0	0	0	0	1	0	0	0	0.017437	0.017437	0

30	red_div2/15	1	0	4	0	4	4	3	3	0	4	4	1	0	0	0	0	0	0	1	0	0	0	0	0	1	0	0	3	3	0	0	0.005313	0.005313	0

10	red_div3/17	1	0	4	0	4	4	3	3	0	4	4	1	0	0	0	0	0	0	1	0	0	0	0	0	1	0	0	3	3	0	0	0.005000	0.005000	0

22	blue_div6/10	4115	407	4100	657	3443	3258	2661	1796	657	2662	1797	5372	0	0	0	0	0	0	1	0	0	0	0	0	5	13	11	25	59	61	0	21.017187	33.707250	0

14	red_corps17	781	74	2389	335	2054	1388	1278	861	335	1279	862	1239	0	0	0	0	0	0	1	0	0	0	0	0	2	8	8	16	51	73	0	2.712375	3.772937	0

2	red_div5/5	3771	53	4016	560	3456	2073	1947	1801	560	1948	1802	4079	0	0	0	0	0	0	1	0	0	0	0	0	3	8	4	13	39	29	0	15.254312	16.866250	0

3	red_div5/6	3814	96	4651	1195	3456	2054	1983	1798	1195	1984	1799	4012	0	0	0	0	0	0	1	0	0	0	0	0	3	8	6	33	61	63	0	15.254188	16.335812	0

1	blue_div4/17	1	0	6	0	6	3	3	3	0	4	4	1	0	0	0	0	0	0	1	0	0	0	0	0	1	0	0	3	5	0	0	0.005313	0.005313	0

16	red_corps8	853	0	3200	575	2625	1769	1635	1272	575	1636	1273	1218	0	0	0	0	0	0	1	0	0	0	0	0	2	10	11	37	72	124	0	3.930000	5.003813	0

5	G0,6	214	29	129	23	106	91	68	56	23	69	57	243	0	0	0	0	0	0	1	0	0	0	0	0	1	2	1	19	44	78	0	15.332375	19.550937	0

8	red_div5/12	3848	137	3620	171	3449	2166	2028	1796	171	2029	1797	4332	0	0	0	0	0	0	1	0	0	0	0	0	3	9	6	21	52	52	0	15.259250	18.568313	0

4	red_div2/11	1	0	4	0	4	3	3	3	0	4	4	1	0	0	0	0	0	0	1	0	0	0	0	0	0	0	0	1	2	0	0	0.004875	0.004875	0

7	blue_div7/8	3833	124	3471	33	3438	2024	2005	1787	33	2006	1788	3994	0	0	0	0	0	0	1	0	0	0	0	0	4	11	9	38	85	88	0	20.956625	22.372250	0

11	red_div1/14	1	0	3	0	3	3	3	3	0	4	4	1	0	0	0	0	0	0	1	0	0	0	0	0	1	0	0	3	2	0	0	0.005938	0.005938	0

23	red_div1/9	1	0	4	0	4	3	3	3	0	4	4	1	0	0	0	0	0	0	1	0	0	0	0	0	1	0	0	3	3	0	0	0.004813	0.004813	0

9	blue_div7/9	3755	47	3522	79	3443	1908	1888	1791	79	1889	1792	3854	0	0	0	0	0	0	1	0	0	0	0	0	3	7	4	41	62	66	0	21.006125	21.860437	0

15	red_div3/9	1	0	4	0	4	4	4	3	0	5	4	1	0	0	0	0	0	0	1	0	0	0	0	0	1	0	0	3	3	0	0	0.006313	0.007313	0

20	stdout	0	0	0	0	0	0	0	0	0	0	0	0	0	0	0	0	0	0	0	0	0	0	0	0	0	0	0	0	0	0	0	0.000000	0.000000	0

19	red_div3/12	1	0	4	0	4	3	3	3	0	4	4	1	0	0	0	0	0	0	1	0	0	0	0	0	1	0	0	3	3	0	0	0.005000	0.005000	0

6	red_div1/18	1	0	3	0	3	3	3	3	0	4	4	1	0	0	0	0	0	0	1	0	0	0	0	0	0	0	0	1	1	0	0	0.005063	0.005063	0

29	stdout	0	0	0	0	0	0	0	0	0	0	0	0	0	0	0	0	0	0	0	0	0	0	0	0	0	0	0	0	0	0	0	0.000000	0.000000	0

25	distrib14	32	0	16	0	16	6	1	1	0	2	2	32	0	0	0	0	0	0	1	0	0	0	0	0	0	0	0	1	0	0	0	0.018063	0.018063	0

24	blue_div5/5	4957	417	4459	181	4278	3630	2805	1798	181	2806	1799	6527	0	0	0	0	0	0	1	0	0	0	0	0	4	9	7	27	51	51	0	25.914250	42.540312	0

17	distrib18	34	0	17	0	17	1	1	1	0	2	2	34	0	0	0	0	0	0	1	0	0	0	0	0	0	0	0	1	0	0	0	0.017875	0.017875	0

31	blue_div4/3	1	0	6	0	6	3	3	3	0	4	4	1	0	0	0	0	0	0	1	0	0	0	0	0	1	0	0	3	5	0	0	0.005125	0.005125	0

21	blue_div1/12	1	0	3	0	3	3	3	3	0	4	4	1	0	0	0	0	0	0	1	0	0	0	0	0	1	0	0	3	2	0	0	0.004938	0.004938	0

27	blue_div1/11	1	0	6	0	6	6	4	3	0	5	4	1	0	0	0	0	0	0	1	0	0	0	0	0	1	0	0	3	5	0	0	0.005438	0.006438	0

14	red_div8/7	2111	45	1829	26	1803	1953	1922	1795	26	1923	1796	2211	0	0	0	0	0	0	1	0	0	0	0	0	3	3	3	25	29	29	0	8.531313	9.108750	0

13	blue_div4/11	1	0	6	0	6	6	3	3	0	4	4	1	0	0	0	0	0	0	1	0	0	0	0	0	1	0	0	3	5	0	0	0.006125	0.006125	0

12	red_div6/10	2112	48	1821	24	1797	1933	1911	1796	24	1912	1797	2189	0	0	0	0	0	0	1	0	0	0	0	0	4	5	3	10	14	15	0	8.549000	8.993187	0

18	distrib17	34	0	17	0	17	1	1	1	0	2	2	34	0	0	0	0	0	0	1	0	0	0	0	0	0	0	0	1	0	0	0	0.019562	0.019562	0

28	blue_div3/18	1	0	6	0	6	6	3	3	0	4	4	1	0	0	0	0	0	0	1	0	0	0	0	0	1	0	0	3	5	0	0	0.005375	0.005375	0

10	blue_div4/2	1	0	6	0	6	6	3	3	0	4	4	1	0	0	0	0	0	0	1	0	0	0	0	0	1	0	0	2	1	0	0	0.006625	0.006625	0

30	stdout	0	0	4	4	0	0	0	0	4	0	0	0	0	0	0	0	0	0	0	0	0	0	0	0	0	0	0	0	0	0	0	0.000000	0.000000	0

26	blue_div2/9	1	0	3	0	3	3	3	3	0	4	4	1	0	0	0	0	0	0	1	0	0	0	0	0	1	0	0	3	2	0	0	0.004563	0.004563	0

22	stdout	0	0	0	0	0	0	0	0	0	0	0	0	0	0	0	0	0	0	0	0	0	0	0	0	0	0	0	0	0	0	0	0.000000	0.000000	0

1	G0,2	158	34	105	21	84	89	75	48	21	76	49	201	0	0	0	0	0	0	1	0	0	0	0	0	1	1	1	16	30	32	0	11.387813	19.400938	0

2	red_div4/5	4818	267	4471	194	4277	3500	3261	2620	194	3262	2621	5507	0	0	0	0	0	0	1	0	0	0	0	0	4	10	6	17	44	32	0	19.214312	24.163625	0

3	blue_corps18	704	147	1438	333	1105	1228	1187	828	333	1188	829	945	0	0	0	0	0	0	1	0	0	0	0	0	3	35	50	73	100	143	0	2.044688	2.978000	0

4	red_div2/10	1	0	3	0	3	3	3	3	0	4	4	1	0	0	0	0	0	0	1	0	0	0	0	0	1	0	0	2	2	0	0	0.004813	0.004813	0

5	red_div1/8	2	1	5	1	4	5	4	3	1	5	4	2	0	0	0	0	0	0	1	0	0	0	0	0	1	0	0	3	3	0	0	0.004813	0.007625	0

15	red_corps5	1085	164	3337	497	2840	1716	1549	1093	497	1550	1094	1587	0	0	0	0	0	0	1	0	0	0	0	0	2	12	7	17	76	75	0	4.819250	6.422937	0

23	blue_div5/1	1	0	7	1	6	3	3	3	1	4	4	1	0	0	0	0	0	0	1	0	0	0	0	0	1	0	0	3	5	0	0	0.005313	0.005313	0

11	red_div1/12	1	0	4	0	4	4	3	3	0	4	4	1	0	0	0	0	0	0	1	0	0	0	0	0	1	0	0	3	3	0	0	0.004875	0.004875	0

16	red_div8/8	3892	181	3471	26	3445	2464	2245	1792	26	2246	1793	4385	0	0	0	0	0	0	1	0	0	0	0	0	3	7	6	43	67	73	0	15.049563	19.054562	0

20	distrib8	34	0	17	0	17	8	1	1	0	2	2	46	0	0	0	0	0	0	1	0	0	0	0	0	0	0	0	1	0	0	0	0.019562	0.025687	0

8	red_div3/7	2098	30	1849	40	1809	1888	1872	1799	40	1873	1800	2154	0	0	0	0	0	0	1	0	0	0	0	0	3	4	3	19	25	27	0	8.547500	8.871000	0

9	red_corps1	868	70	2627	453	2174	1644	1472	910	453	1473	911	1764	0	0	0	0	0	0	1	0	0	0	0	0	2	13	10	40	99	88	0	2.753625	4.481312	0

6	blue_div3/8	1	0	4	0	4	3	3	3	0	4	4	1	0	0	0	0	0	0	1	0	0	0	0	0	0	0	0	1	3	0	0	0.005750	0.005750	0

19	G0,5	216	35	119	10	109	91	74	60	10	75	61	280	0	0	0	0	0	0	1	0	0	0	0	0	2	2	2	23	53	110	0	14.394813	18.801250	0

24	blue_div5/10	4014	306	3475	37	3438	2638	2412	1792	37	2413	1793	4636	0	0	0	0	0	0	1	0	0	0	0	0	4	11	7	12	28	19	0	21.018000	27.440000	0

12	red_corps11	717	0	2334	265	2069	1293	1195	849	265	1196	850	753	0	0	0	0	0	0	1	0	0	0	0	0	2	5	1	9	27	10	0	2.730375	3.311250	0

25	blue_div2/10	1	0	3	0	3	3	3	3	0	4	4	1	0	0	0	0	0	0	1	0	0	0	0	0	1	0	0	3	2	0	0	0.005000	0.005000	0

29	blue_div2/6	1	0	3	0	3	3	3	3	0	4	4	1	0	0	0	0	0	0	1	0	0	0	0	0	1	0	0	3	2	0	0	0.005188	0.005188	0

7	red_div10/8	2094	29	1837	40	1797	1939	1931	1791	40	1932	1792	2224	0	0	0	0	0	0	1	0	0	0	0	0	4	5	4	37	48	44	0	8.499688	9.144000	0

31	red_div3/16	4742	199	4590	321	4269	3087	2978	2616	321	2979	2617	5009	0	0	0	0	0	0	1	0	0	0	0	0	5	11	8	40	56	51	0	19.217312	21.311750	0

17	blue_div5/18	1	0	6	0	6	3	3	3	0	4	4	1	0	0	0	0	0	0	1	0	0	0	0	0	0	0	0	1	5	0	0	0.006063	0.006063	0

27	red_div1/5	1	0	4	0	4	4	4	3	0	5	4	1	0	0	0	0	0	0	1	0	0	0	0	0	1	0	0	3	3	0	0	0.004813	0.005875	0

18	red_div1/3	1	0	3	0	3	3	3	3	0	4	4	1	0	0	0	0	0	0	1	0	0	0	0	0	0	0	0	1	2	0	0	0.004688	0.004688	0

21	red_div2/9	1	0	4	0	4	3	3	3	0	4	4	1	0	0	0	0	0	0	1	0	0	0	0	0	1	0	0	3	3	0	0	0.006000	0.006000	0

28	red_div2/13	1	0	4	0	4	3	3	3	0	4	4	1	0	0	0	0	0	0	1	0	0	0	0	0	1	0	0	3	3	0	0	0.004938	0.004938	0

13	red_div2/2	1	0	4	0	4	4	3	3	0	4	4	1	0	0	0	0	0	0	1	0	0	0	0	0	1	0	0	2	1	0	0	0.004813	0.004813	0

26	blue_div1/17	1	0	6	0	6	3	3	3	0	4	4	1	0	0	0	0	0	0	1	0	0	0	0	0	1	0	0	3	5	0	0	0.005688	0.005688	0

30	red_div2/14	1	0	3	0	3	3	3	3	0	4	4	1	0	0	0	0	0	0	1	0	0	0	0	0	1	0	0	3	2	0	0	0.004625	0.004625	0

10	red_div2/8	2	1	5	1	4	4	4	3	1	5	4	2	0	0	0	0	0	0	1	0	0	0	0	0	1	0	0	3	3	0	0	0.005188	0.008063	0

22	distrib16	32	0	16	0	16	13	1	1	0	2	2	49	0	0	0	0	0	0	1	0	0	0	0	0	0	0	0	1	0	0	0	0.016688	0.026875	0

14	red_div3/10	3917	207	4493	1043	3450	2554	2243	1801	1043	2244	1802	4425	0	0	0	0	0	0	1	0	0	0	0	0	4	9	6	32	54	57	0	15.065812	18.246125	0

2	red_div6/17	2114	54	1820	20	1800	1879	1869	1793	20	1870	1794	2146	0	0	0	0	0	0	1	0	0	0	0	0	3	4	2	13	24	15	0	8.486062	8.649250	0

3	blue_div6/18	6139	773	5184	102	5082	4591	4012	2607	102	4013	2608	7667	0	0	0	0	0	0	1	0	0	0	0	0	4	28	24	58	121	123	0	31.483625	47.428562	0

1	red_div6/5	3852	134	4214	758	3456	2663	2200	1801	758	2201	1802	4844	0	0	0	0	0	0	1	0	0	0	0	0	3	9	6	27	68	68	0	15.248875	21.890000	0

16	blue_div3/6	5473	922	4312	35	4277	4304	4026	2626	35	4027	2627	6386	0	0	0	0	0	0	1	0	0	0	0	0	4	8	7	44	67	74	0	26.651937	37.324937	0

5	blue_corps1	574	1	1250	138	1112	1170	1079	770	138	1080	771	590	0	0	0	0	0	0	1	0	0	0	0	0	2	4	1	12	18	8	0	1.995562	2.497000	0

8	blue_corps13	925	84	2705	779	1926	1907	1671	1099	779	1672	1100	1399	0	0	0	0	0	0	1	0	0	0	0	0	3	9	8	22	53	59	0	3.485063	5.194937	0

4	blue_div3/1	1	0	7	1	6	3	3	3	1	4	4	1	0	0	0	0	0	0	1	0	0	0	0	0	1	0	0	2	5	0	0	0.005438	0.005438	0

7	red_div5/11	2091	28	1814	12	1802	1850	1843	1796	12	1844	1797	2107	0	0	0	0	0	0	1	0	0	0	0	0	2	3	2	13	14	13	0	8.540437	8.622438	0

11	red_div8/5	2130	62	1841	42	1799	1942	1926	1798	42	1927	1799	2201	0	0	0	0	0	0	1	0	0	0	0	0	4	6	4	25	35	34	0	8.550250	8.909812	0

23	G0,13	278	115	125	20	105	112	98	56	20	99	57	408	0	0	0	0	0	0	1	0	0	0	0	0	1	2	3	23	45	86	0	13.343250	25.141125	0

9	red_div10/13	2085	23	1819	22	1797	1859	1846	1794	22	1847	1795	2118	0	0	0	0	0	0	1	0	0	0	0	0	2	3	1	21	23	24	0	8.537187	8.765313	0

15	blue_div6/16	3843	139	3442	6	3436	2351	2211	1786	6	2212	1787	4330	0	0	0	0	0	0	1	0	0	0	0	0	4	7	6	37	62	65	0	20.997500	25.937125	0

20	blue_div2/12	1	0	3	0	3	3	3	3	0	4	4	1	0	0	0	0	0	0	1	0	0	0	0	0	1	0	0	2	2	0	0	0.004500	0.004500	0

19	blue_corps7	911	2	2367	364	2003	1911	1609	1096	364	1610	1097	1357	0	0	0	0	0	0	1	0	0	0	0	0	2	5	2	21	38	25	0	3.730313	5.277375	0

6	G0,11	174	0	124	17	107	57	57	57	17	58	58	174	0	0	0	0	0	0	1	0	0	0	0	0	1	2	0	9	38	53	0	15.363687	15.363687	0

29	blue_div2/2	1	0	6	0	6	6	3	3	0	4	4	1	0	0	0	0	0	0	1	0	0	0	0	0	1	0	0	2	1	0	0	0.005313	0.005313	0

25	blue_div1/8	1	0	4	0	4	3	3	3	0	4	4	1	0	0	0	0	0	0	1	0	0	0	0	0	1	0	0	2	3	0	0	0.004875	0.004875	0

24	red_corps3	725	0	2394	306	2088	1740	1427	635	306	1428	636	1167	0	0	0	0	0	0	1	0	0	0	0	0	2	7	3	15	44	12	0	2.599438	4.507250	0

17	red_div1/17	1	0	4	0	4	3	3	3	0	4	4	1	0	0	0	0	0	0	1	0	0	0	0	0	0	0	0	1	2	0	0	0.004875	0.004875	0

31	red_div7/16	2102	42	1811	16	1795	1865	1858	1790	16	1859	1791	2134	0	0	0	0	0	0	1	0	0	0	0	0	4	4	4	27	34	34	0	8.523687	8.707812	0

21	red_div1/15	1	0	4	0	4	3	3	3	0	4	4	1	0	0	0	0	0	0	1	0	0	0	0	0	1	0	0	3	3	0	0	0.005375	0.005375	0

27	blue_div3/2	1	0	6	0	6	6	3	3	0	4	4	1	0	0	0	0	0	0	1	0	0	0	0	0	1	0	0	2	1	0	0	0.005562	0.005562	0

14	red_div4/11	2085	22	1912	110	1802	1854	1842	1794	110	1843	1795	2104	0	0	0	0	0	0	1	0	0	0	0	0	3	3	2	12	14	13	0	8.523938	8.610375	0

13	red_div3/18	2284	225	1930	125	1805	2696	2598	1798	125	2599	1799	2931	0	0	0	0	0	0	1	0	0	0	0	0	4	5	4	39	48	50	0	8.534500	11.956938	0

12	blue_div6/11	6101	750	5105	21	5084	3896	3367	1790	21	3368	1791	8273	0	0	0	0	0	0	1	0	0	0	0	0	3	9	7	11	27	24	0	30.652188	55.835250	0

18	blue_div2/8	1	0	4	0	4	3	3	3	0	4	4	1	0	0	0	0	0	0	1	0	0	0	0	0	0	0	0	1	3	0	0	0.004813	0.004813	0

28	red_div1/2	1	0	4	0	4	4	4	3	0	5	4	1	0	0	0	0	0	0	1	0	0	0	0	0	1	0	0	2	1	0	0	0.004875	0.005938	0

10	blue_corps17	688	131	1363	277	1086	1546	1301	790	277	1302	791	1174	0	0	0	0	0	0	1	0	0	0	0	0	2	12	27	36	52	106	0	1.968562	3.454563	0

30	blue_div2/18	1	0	6	0	6	6	4	3	0	5	4	1	0	0	0	0	0	0	1	0	0	0	0	0	1	0	0	3	5	0	0	0.005375	0.006375	0

26	blue_div2/15	1	0	4	0	4	3	3	3	0	4	4	1	0	0	0	0	0	0	1	0	0	0	0	0	1	0	0	3	3	0	0	0.004813	0.004813	0

22	blue_div2/14	1	0	3	0	3	3	3	3	0	4	4	1	0	0	0	0	0	0	1	0	0	0	0	0	1	0	0	2	2	0	0	0.004875	0.004875	0

1	red_div10/11	90	0	91	3	88	88	88	88	3	89	89	90	0	0	0	0	0	0	1	0	0	0	0	0	1	0	0	5	7	8	0	0.153062	0.153062	0

2	red_corps7	923	0	3349	379	2970	2019	1826	1270	379	1827	1271	982	0	0	0	0	0	0	1	0	0	0	0	0	2	8	0	9	45	13	0	4.191313	5.700625	0

3	red_div6/8	1281	97	1195	212	983	1193	1165	978	212	1166	979	1409	0	0	0	0	0	0	1	0	0	0	0	0	2	3	2	32	34	38	0	4.463625	5.322188	0

4	G0,14	219	67	120	19	101	111	94	55	19	95	56	242	0	0	0	0	0	0	1	0	0	0	0	0	1	2	2	18	43	81	0	14.866250	25.354813	0

5	red_div4/6	4809	259	5210	933	4277	3750	3286	2626	933	3287	2627	5718	0	0	0	0	0	0	1	0	0	0	0	0	4	10	6	42	79	73	0	19.224937	25.724500	0

15	red_div5/16	3943	235	4617	1165	3452	2889	2261	1790	1165	2262	1791	4781	0	0	0	0	0	0	1	0	0	0	0	0	3	9	7	35	64	66	0	15.203437	20.937125	0

23	blue_div3/16	5692	1148	4329	60	4269	4580	4203	2616	60	4204	2617	6682	0	0	0	0	0	0	1	0	0	0	0	0	4	9	7	23	36	39	0	26.616688	38.735750	0

11	blue_corps3	788	215	1999	891	1108	1302	1126	506	891	1127	507	1269	0	0	0	0	0	0	1	0	0	0	0	0	3	47	67	95	124	173	0	1.932250	3.570313	0

16	red_div5/10	2691	685	3731	1923	1808	3321	1726	974	1923	1727	975	3838	0	0	0	0	0	0	1	0	0	0	0	0	2	5	3	24	43	54	0	7.714750	18.107625	0

20	red_div3/13	1	0	4	0	4	3	3	3	0	4	4	1	0	0	0	0	0	0	1	0	0	0	0	0	1	0	0	2	1	0	0	0.005688	0.005688	0

8	red_div9/13	2160	98	2077	280	1797	2049	1936	1794	280	1937	1795	2262	0	0	0	0	0	0	1	0	0	0	0	0	3	3	2	21	22	24	0	8.504250	9.707937	0

9	red_div3/3	2115	46	1829	23	1806	1877	1869	1803	23	1870	1804	2142	0	0	0	0	0	0	1	0	0	0	0	0	2	3	2	11	13	14	0	8.509625	8.698250	0

6	G0,1	129	0	104	18	86	47	47	47	18	48	48	129	0	0	0	0	0	0	1	0	0	0	0	0	1	1	0	10	28	18	0	12.633812	12.633812	0

19	blue_corps11	565	0	1641	545	1096	1269	1095	777	545	1096	778	606	0	0	0	0	0	0	1	0	0	0	0	0	2	3	1	12	15	15	0	1.977812	2.625688	0

24	red_div4/14	3997	291	3601	153	3448	2641	2387	1798	153	2388	1799	4491	0	0	0	0	0	0	1	0	0	0	0	0	4	8	6	23	47	51	0	15.068500	19.069188	0

12	blue_div7/14	3916	210	3571	128	3443	2511	2300	1793	128	2301	1794	4444	0	0	0	0	0	0	1	0	0	0	0	0	3	11	5	12	33	18	0	21.059250	27.103250	0

25	blue_div5/11	1	0	6	0	6	3	3	3	0	4	4	1	0	0	0	0	0	0	1	0	0	0	0	0	1	0	0	2	5	0	0	0.005875	0.005875	0

29	red_div1/1	2	1	4	1	3	4	4	3	1	5	4	2	0	0	0	0	0	0	1	0	0	0	0	0	1	0	0	3	2	1	0	0.004625	0.007437	0

7	red_div7/11	2109	46	1835	38	1797	1963	1944	1794	38	1945	1795	2236	0	0	0	0	0	0	1	0	0	0	0	0	3	4	3	34	36	39	0	8.522562	9.192813	0

31	blue_div7/10	3878	170	3580	137	3443	2287	2177	1795	137	2178	1796	4297	0	0	0	0	0	0	1	0	0	0	0	0	4	12	9	23	67	65	0	21.029125	24.345938	0

17	blue_div1/13	1	0	4	0	4	3	3	3	0	4	4	1	0	0	0	0	0	0	1	0	0	0	0	0	0	0	0	1	3	0	0	0.004938	0.004938	0

27	blue_div4/5	4279	552	3501	47	3454	3646	3389	2623	47	3390	2624	4915	0	0	0	0	0	0	1	0	0	0	0	0	4	8	7	29	41	48	0	21.892688	28.017000	0

18	blue_div5/2	1	0	6	0	6	6	3	3	0	4	4	1	0	0	0	0	0	0	1	0	0	0	0	0	0	0	0	1	1	0	0	0.005688	0.005688	0

21	G0,9	277	112	140	33	107	92	79	57	33	80	58	359	0	0	0	0	0	0	1	0	0	0	0	0	1	2	2	21	46	78	0	13.616125	19.959000	0

28	red_div10/5	2159	91	2023	224	1799	2114	2067	1798	224	2068	1799	2355	0	0	0	0	0	0	1	0	0	0	0	0	4	6	4	31	36	34	0	8.566625	9.576562	0

13	red_div7/6	2154	86	1840	41	1799	2070	2024	1798	41	2025	1799	2314	0	0	0	0	0	0	1	0	0	0	0	0	4	5	4	26	34	37	0	8.533750	9.422500	0

26	G0,15	254	72	137	27	110	85	77	61	27	78	62	298	0	0	0	0	0	0	1	0	0	0	0	0	2	2	3	28	58	127	0	14.640750	19.319938	0

30	blue_div4/1	2	1	7	1	6	7	5	3	1	6	4	2	0	0	0	0	0	0	1	0	0	0	0	0	1	0	0	3	5	1	0	0.005375	0.009813	0

10	red_div4/2	2140	70	1895	89	1806	1987	1954	1797	89	1955	1798	2263	0	0	0	0	0	0	1	0	0	0	0	0	3	5	4	31	41	41	0	8.535625	9.224937	0

22	red_div3/5	1	0	4	0	4	3	3	3	0	4	4	1	0	0	0	0	0	0	1	0	0	0	0	0	1	0	0	2	3	0	0	0.005000	0.005000	0

14	red_div6/2	2133	63	1845	39	1806	1913	1896	1799	39	1897	1800	2188	0	0	0	0	0	0	1	0	0	0	0	0	3	4	3	26	34	33	0	8.543375	8.869938	0

2	red_div4/7	2078	10	1825	16	1809	1821	1818	1799	16	1819	1800	2089	0	0	0	0	0	0	1	0	0	0	0	0	3	3	2	11	14	12	0	8.566688	8.619250	0

3	red_div6/3	2147	78	1842	41	1801	1948	1930	1796	41	1931	1797	2228	0	0	0	0	0	0	1	0	0	0	0	0	3	4	3	34	36	40	0	8.542000	8.969312	0

1	red_div4/8	2108	41	2102	298	1804	1895	1862	1794	298	1863	1795	2156	0	0	0	0	0	0	1	0	0	0	0	0	3	4	3	26	37	30	0	8.541125	8.827063	0

16	red_div9/6	2108	40	1841	42	1799	1989	1956	1797	42	1957	1798	2255	0	0	0	0	0	0	1	0	0	0	0	0	3	5	4	32	36	41	0	8.568062	9.330000	0

5	red_div5/18	1294	111	1237	252	985	1543	1326	976	252	1327	977	1690	0	0	0	0	0	0	1	0	0	0	0	0	2	2	1	15	23	17	0	4.476625	7.290625	0

8	red_div4/3	2161	92	2374	568	1806	2151	2005	1803	568	2006	1804	2381	0	0	0	0	0	0	1	0	0	0	0	0	3	4	3	9	13	15	0	8.529250	10.118688	0

4	red_div4/16	4830	287	4956	687	4269	3591	3101	2616	687	3102	2617	5545	0	0	0	0	0	0	1	0	0	0	0	0	4	10	7	20	48	41	0	19.248562	24.496000	0

7	blue_div6/17	5531	183	5171	89	5082	2480	2235	1787	89	2236	1788	6326	0	0	0	0	0	0	1	0	0	0	0	0	3	19	8	28	97	71	0	30.631062	38.011375	0

11	blue_div6/7	2104	37	1844	45	1799	1923	1905	1796	45	1906	1797	2196	0	0	0	0	0	0	1	0	0	0	0	0	4	4	4	32	35	38	0	11.504250	12.275625	0

23	red_div7/14	2162	100	1810	13	1797	1973	1938	1794	13	1939	1795	2201	0	0	0	0	0	0	1	0	0	0	0	0	3	4	3	16	24	18	0	8.514500	8.807313	0

9	red_div5/4	3900	181	4578	1115	3463	3246	2222	1798	1115	2223	1799	4945	0	0	0	0	0	0	1	0	0	0	0	0	2	7	4	24	38	38	0	15.195875	22.598000	0

15	blue_div5/9	5555	203	5099	15	5084	2643	2381	1788	15	2382	1789	6664	0	0	0	0	0	0	1	0	0	0	0	0	4	13	10	36	74	79	0	30.548562	41.850625	0

20	red_div3/2	1	0	4	0	4	4	3	3	0	4	4	1	0	0	0	0	0	0	1	0	0	0	0	0	1	0	0	2	1	0	0	0.005812	0.005812	0

19	red_div9/16	2105	45	1812	17	1795	1844	1830	1789	17	1831	1790	2114	0	0	0	0	0	0	1	0	0	0	0	0	3	4	3	29	38	35	0	8.511125	8.627750	0

6	red_div7/10	2211	147	1923	126	1797	2151	2071	1796	126	2072	1797	2379	0	0	0	0	0	0	1	0	0	0	0	0	4	4	3	11	16	12	0	8.534625	9.682375	0

29	red_div7/5	2214	146	2091	292	1799	2240	2158	1798	292	2159	1799	2479	0	0	0	0	0	0	1	0	0	0	0	0	5	6	5	31	40	38	0	8.576438	10.173687	0

25	G0,8	189	22	121	11	110	76	68	60	11	69	61	237	0	0	0	0	0	0	1	0	0	0	0	0	2	2	2	22	53	99	0	16.195937	19.181875	0

24	red_div9/8	2139	74	1802	5	1797	1940	1919	1791	5	1920	1792	2229	0	0	0	0	0	0	1	0	0	0	0	0	4	4	4	25	36	29	0	8.511062	8.800437	0

17	G0,12	205	58	144	44	100	86	76	54	44	77	55	228	0	0	0	0	0	0	1	0	0	0	0	0	1	2	2	21	42	74	0	14.480813	20.989062	0

31	blue_div6/6	4035	321	3443	1	3442	2900	2742	1794	1	2743	1795	4989	0	0	0	0	0	0	1	0	0	0	0	0	4	8	6	24	51	50	0	20.981375	30.741813	0

21	blue_corps6	911	0	3819	1521	2298	2323	1803	1097	1521	1804	1098	1189	0	0	0	0	0	0	1	0	0	0	0	0	2	7	2	14	40	22	0	4.198750	6.298312	0

27	red_div9/5	2123	55	1874	75	1799	2003	1969	1798	75	1970	1799	2251	0	0	0	0	0	0	1	0	0	0	0	0	4	5	4	26	35	34	0	8.544187	9.171812	0

14	red_corps4	1098	93	4036	831	3205	2195	1825	1115	831	1826	1116	1752	0	0	0	0	0	0	1	0	0	0	0	0	2	12	8	28	82	78	0	5.497000	7.916437	0

13	red_div10/7	2154	88	1854	51	1803	2116	2076	1796	51	2077	1797	2428	0	0	0	0	0	0	1	0	0	0	0	0	3	4	3	34	38	41	0	8.522687	10.029563	0

12	blue_corps4	993	0	3584	1210	2374	2378	1852	1133	1210	1853	1134	1175	0	0	0	0	0	0	1	0	0	0	0	0	2	6	1	8	22	14	0	4.943250	7.494813	0

18	G0,7	218	72	182	83	99	100	84	53	83	85	54	311	0	0	0	0	0	0	1	0	0	0	0	0	1	4	2	19	75	73	0	14.189687	23.885750	0

28	blue_corps10	1042	131	3707	1415	2292	3089	2340	1095	1415	2341	1096	2100	0	0	0	0	0	0	1	0	0	0	0	0	3	14	18	30	80	111	0	4.409438	8.428937	0

10	blue_div5/7	2091	24	1836	37	1799	1908	1882	1796	37	1883	1797	2167	0	0	0	0	0	0	1	0	0	0	0	0	4	4	3	28	30	32	0	11.524875	12.087563	0

30	red_div8/2	2181	111	1895	94	1801	2031	1984	1797	94	1985	1798	2299	0	0	0	0	0	0	1	0	0	0	0	0	3	4	4	16	25	24	0	8.508563	9.234813	0

26	blue_div3/5	4920	1193	3522	68	3454	4242	3822	2623	68	3823	2624	5639	0	0	0	0	0	0	1	0	0	0	0	0	5	8	7	26	34	34	0	21.856938	30.318438	0

22	blue_div1/1	1	0	7	1	6	3	3	3	1	4	4	1	0	0	0	0	0	0	1	0	0	0	0	0	1	0	0	2	5	0	0	0.005250	0.005250	0

1	red_div5/8	1195	11	1217	234	983	1035	1015	978	234	1016	979	1214	0	0	0	0	0	0	1	0	0	0	0	0	2	3	1	16	25	19	0	4.447500	4.618125	0

2	red_div9/11	91	1	89	1	88	92	91	88	1	92	89	93	0	0	0	0	0	0	1	0	0	0	0	0	1	0	0	6	5	8	0	0.153938	0.158500	0

3	red_div7/3	2100	31	1819	18	1801	1868	1859	1796	18	1860	1797	2140	0	0	0	0	0	0	1	0	0	0	0	0	3	4	3	32	37	41	0	8.516063	8.678250	0
Node 4: Cache Probes 35869, Cache Hits 35791, Cache Misses 78 Hit Ratio 99.78 percent
Node 5: Cache Probes 31714, Cache Hits 31641, Cache Misses 73 Hit Ratio 99.77 percent
Node 15: Cache Probes 40922, Cache Hits 40855, Cache Misses 67 Hit Ratio 99.84 percent

23	red_div7/18	2098	39	1807	17	1790	1926	1907	1790	17	1908	1791	2160	0	0	0	0	0	0	1	0	0	0	0	0	3	3	3	14	17	16	0	8.507625	8.865438	0
Node 11: Cache Probes 36171, Cache Hits 36110, Cache Misses 61 Hit Ratio 99.83 percent

16	red_div9/18	104	15	109	15	94	124	120	90	15	121	91	125	0	0	0	0	0	0	1	0	0	0	0	0	1	0	0	8	10	9	0	0.157188	0.211000	0

20	G0,0	241	67	126	33	93	68	61	50	33	62	51	248	0	0	0	0	0	0	1	0	0	0	0	0	2	2	3	20	47	87	0	13.660813	17.369125	0
Node 8: Cache Probes 40736, Cache Hits 40672, Cache Misses 64 Hit Ratio 99.84 percent
Node 9: Cache Probes 40787, Cache Hits 40717, Cache Misses 70 Hit Ratio 99.83 percent

6	blue_div6/3	7024	1663	5255	163	5092	4632	4008	1792	163	4009	1793	9595	0	0	0	0	0	0	1	0	0	0	0	0	3	31	8	11	84	31	0	30.628812	60.082250	0

19	blue_div4/10	6531	1983	4386	118	4268	5638	5327	2614	118	5328	2615	7872	0	0	0	0	0	0	1	0	0	0	0	0	5	11	7	37	78	66	0	26.644562	44.887625	0
Node 24: Cache Probes 34927, Cache Hits 34836, Cache Misses 91 Hit Ratio 99.74 percent
Node 12: Cache Probes 34159, Cache Hits 34075, Cache Misses 84 Hit Ratio 99.75 percent

25	red_div6/6	2306	238	1938	139	1799	2279	2174	1798	139	2175	1799	2622	0	0	0	0	0	0	1	0	0	0	0	0	4	5	4	26	31	29	0	8.523375	10.521688	0

29	blue_div7/11	4177	470	3450	12	3438	3010	2890	1790	12	2891	1791	5088	0	0	0	0	0	0	1	0	0	0	0	0	4	8	7	35	58	57	0	21.083437	31.736313	0
Node 7: Cache Probes 38627, Cache Hits 38565, Cache Misses 62 Hit Ratio 99.84 percent

31	red_div5/17	2157	97	1873	73	1800	2035	2007	1793	73	2008	1794	2309	0	0	0	0	0	0	1	0	0	0	0	0	3	5	3	28	39	32	0	8.516312	9.321750	0

17	blue_corps16	900	2	3243	970	2273	2050	1670	1112	970	1671	1113	1253	0	0	0	0	0	0	1	0	0	0	0	0	2	6	1	23	38	26	0	4.205438	5.882562	0

27	red_div9/12	2139	76	1844	47	1797	1937	1917	1796	47	1918	1797	2205	0	0	0	0	0	0	1	0	0	0	0	0	5	6	5	41	48	54	0	8.502313	8.921812	0

18	red_div8/11	2199	136	2036	239	1797	2178	2083	1794	239	2084	1795	2433	0	0	0	0	0	0	1	0	0	0	0	0	4	4	4	29	29	34	0	8.520750	10.318875	0

21	blue_div3/14	5182	637	4357	91	4266	3974	3607	2615	91	3608	2616	5965	0	0	0	0	0	0	1	0	0	0	0	0	5	14	7	31	71	54	0	26.628563	36.056250	0

28	red_div7/7	3926	213	3449	7	3442	2645	2398	1791	7	2399	1792	4598	0	0	0	0	0	0	1	0	0	0	0	0	4	8	7	33	56	62	0	15.044813	20.123188	0

13	blue_div6/2	5736	374	5102	10	5092	3564	2914	1793	10	2915	1794	7768	0	0	0	0	0	0	1	0	0	0	0	0	3	10	8	33	83	87	0	30.612125	52.905375	0

26	blue_div7/5	4200	486	3451	9	3442	3069	2776	1794	9	2777	1795	5118	0	0	0	0	0	0	1	0	0	0	0	0	4	8	7	27	55	54	0	21.050750	30.650125	0

30	red_div7/8	4053	342	3512	67	3445	3099	2799	1792	67	2800	1793	5259	0	0	0	0	0	0	1	0	0	0	0	0	4	9	8	34	60	62	0	15.074750	23.155812	0

10	red_div6/13	1237	54	1076	94	982	1170	1141	978	94	1142	979	1329	0	0	0	0	0	0	1	0	0	0	0	0	2	2	2	18	17	22	0	4.466188	5.067062	0

22	G0,10	151	22	97	11	86	95	73	47	11	74	48	184	0	0	0	0	0	0	1	0	0	0	0	0	1	1	1	20	37	57	0	12.635625	20.209813	0
Node 14: Cache Probes 41279, Cache Hits 41206, Cache Misses 73 Hit Ratio 99.82 percent
Node 2: Cache Probes 36943, Cache Hits 36855, Cache Misses 88 Hit Ratio 99.76 percent
Node 3: Cache Probes 38687, Cache Hits 38630, Cache Misses 57 Hit Ratio 99.85 percent
Node 1: Cache Probes 36085, Cache Hits 35997, Cache Misses 88 Hit Ratio 99.76 percent
Node 16: Cache Probes 36619, Cache Hits 36536, Cache Misses 83 Hit Ratio 99.77 percent
Migration Count Node 5: Migrations In 0, Migrations Out 0, Routing Faults 0, States Out 0, States In 0, States Not Sent 0
Migration Count Node 8: Migrations In 0, Migrations Out 0, Routing Faults 0, States Out 0, States In 0, States Not Sent 0
Migration Count Node 4: Migrations In 0, Migrations Out 0, Routing Faults 0, States Out 0, States In 0, States Not Sent 0
Migration Count Node 7: Migrations In 0, Migrations Out 0, Routing Faults 0, States Out 0, States In 0, States Not Sent 0
Migration Count Node 11: Migrations In 0, Migrations Out 0, Routing Faults 0, States Out 0, States In 0, States Not Sent 0
Node 23: Cache Probes 34185, Cache Hits 34104, Cache Misses 81 Hit Ratio 99.76 percent
Migration Count Node 9: Migrations In 0, Migrations Out 0, Routing Faults 0, States Out 0, States In 0, States Not Sent 0
Migration Count Node 15: Migrations In 0, Migrations Out 0, Routing Faults 0, States Out 0, States In 0, States Not Sent 0
Node 20: Cache Probes 35675, Cache Hits 35570, Cache Misses 105 Hit Ratio 99.71 percent
Node 19: Cache Probes 37673, Cache Hits 37583, Cache Misses 90 Hit Ratio 99.76 percent
Node 6: Cache Probes 33755, Cache Hits 33636, Cache Misses 119 Hit Ratio 99.65 percent
Node 29: Cache Probes 35372, Cache Hits 35323, Cache Misses 49 Hit Ratio 99.86 percent
Node 25: Cache Probes 34225, Cache Hits 34131, Cache Misses 94 Hit Ratio 99.73 percent
Migration Count Node 24: Migrations In 0, Migrations Out 0, Routing Faults 0, States Out 0, States In 0, States Not Sent 0
Node 17: Cache Probes 36849, Cache Hits 36738, Cache Misses 111 Hit Ratio 99.70 percent
Node 31: Cache Probes 38265, Cache Hits 38171, Cache Misses 94 Hit Ratio 99.75 percent
Node 21: Cache Probes 36025, Cache Hits 35939, Cache Misses 86 Hit Ratio 99.76 percent
Node 27: Cache Probes 35027, Cache Hits 34975, Cache Misses 52 Hit Ratio 99.85 percent
Migration Count Node 14: Migrations In 0, Migrations Out 0, Routing Faults 0, States Out 0, States In 0, States Not Sent 0
Node 13: Cache Probes 36858, Cache Hits 36779, Cache Misses 79 Hit Ratio 99.79 percent
Migration Count Node 12: Migrations In 0, Migrations Out 0, Routing Faults 0, States Out 0, States In 0, States Not Sent 0
Node 18: Cache Probes 36092, Cache Hits 35993, Cache Misses 99 Hit Ratio 99.73 percent
Node 28: Cache Probes 38076, Cache Hits 38013, Cache Misses 63 Hit Ratio 99.83 percent
Node 10: Cache Probes 35159, Cache Hits 35101, Cache Misses 58 Hit Ratio 99.84 percent
Node 30: Cache Probes 35342, Cache Hits 35294, Cache Misses 48 Hit Ratio 99.86 percent
Node 26: Cache Probes 34792, Cache Hits 34700, Cache Misses 92 Hit Ratio 99.74 percent
Node 22: Cache Probes 33038, Cache Hits 32951, Cache Misses 87 Hit Ratio 99.74 percent
Migration Count Node 1: Migrations In 0, Migrations Out 0, Routing Faults 0, States Out 0, States In 0, States Not Sent 0
Migration Count Node 2: Migrations In 0, Migrations Out 0, Routing Faults 0, States Out 0, States In 0, States Not Sent 0
Migration Count Node 3: Migrations In 0, Migrations Out 0, Routing Faults 0, States Out 0, States In 0, States Not Sent 0
Load Stats: Cycles 0, Imbalances 0, Phase Not Chosen 0
Load Stats: Cycles 0, Imbalances 0, Phase Not Chosen 0
Load Stats: Cycles 0, Imbalances 0, Phase Not Chosen 0
Migration Count Node 23: Migrations In 0, Migrations Out 0, Routing Faults 0, States Out 0, States In 0, States Not Sent 0
Load Stats: Cycles 0, Imbalances 0, Phase Not Chosen 0
Migration Count Node 16: Migrations In 0, Migrations Out 0, Routing Faults 0, States Out 0, States In 0, States Not Sent 0
Migration Count Node 20: Migrations In 0, Migrations Out 0, Routing Faults 0, States Out 0, States In 0, States Not Sent 0
Load Stats: Cycles 0, Imbalances 0, Phase Not Chosen 0
Load Stats: Cycles 0, Imbalances 0, Phase Not Chosen 0
Migration Count Node 6: Migrations In 0, Migrations Out 0, Routing Faults 0, States Out 0, States In 0, States Not Sent 0
Migration Count Node 19: Migrations In 0, Migrations Out 0, Routing Faults 0, States Out 0, States In 0, States Not Sent 0
Load Stats: Cycles 0, Imbalances 0, Phase Not Chosen 0
Load Stats: Cycles 0, Imbalances 0, Phase Not Chosen 0
Migration Count Node 25: Migrations In 0, Migrations Out 0, Routing Faults 0, States Out 0, States In 0, States Not Sent 0
Migration Count Node 29: Migrations In 0, Migrations Out 0, Routing Faults 0, States Out 0, States In 0, States Not Sent 0
Load Stats: Cycles 0, Imbalances 0, Phase Not Chosen 0
Migration Count Node 31: Migrations In 0, Migrations Out 0, Routing Faults 0, States Out 0, States In 0, States Not Sent 0
Migration Count Node 17: Migrations In 0, Migrations Out 0, Routing Faults 0, States Out 0, States In 0, States Not Sent 0
Migration Count Node 27: Migrations In 0, Migrations Out 0, Routing Faults 0, States Out 0, States In 0, States Not Sent 0
Migration Count Node 18: Migrations In 0, Migrations Out 0, Routing Faults 0, States Out 0, States In 0, States Not Sent 0
Migration Count Node 21: Migrations In 0, Migrations Out 0, Routing Faults 0, States Out 0, States In 0, States Not Sent 0
Migration Count Node 28: Migrations In 0, Migrations Out 0, Routing Faults 0, States Out 0, States In 0, States Not Sent 0
Migration Count Node 13: Migrations In 0, Migrations Out 0, Routing Faults 0, States Out 0, States In 0, States Not Sent 0
Migration Count Node 26: Migrations In 0, Migrations Out 0, Routing Faults 0, States Out 0, States In 0, States Not Sent 0
Migration Count Node 30: Migrations In 0, Migrations Out 0, Routing Faults 0, States Out 0, States In 0, States Not Sent 0
Migration Count Node 10: Migrations In 0, Migrations Out 0, Routing Faults 0, States Out 0, States In 0, States Not Sent 0
Migration Count Node 22: Migrations In 0, Migrations Out 0, Routing Faults 0, States Out 0, States In 0, States Not Sent 0
Load Stats: Cycles 0, Imbalances 0, Phase Not Chosen 0
Load Stats: Cycles 0, Imbalances 0, Phase Not Chosen 0
Load Stats: Cycles 0, Imbalances 0, Phase Not Chosen 0
Load Stats: Cycles 0, Imbalances 0, Phase Not Chosen 0
Load Stats: Cycles 0, Imbalances 0, Phase Not Chosen 0
Page Fault Node	5:	0
Page Fault Node	8:	0
Page Fault Node	4:	0
Page Fault Node	7:	0
Page Fault Node	11:	0
Load Stats: Cycles 0, Imbalances 0, Phase Not Chosen 0
Page Fault Node	9:	0
Page Fault Node	15:	0
Load Stats: Cycles 0, Imbalances 0, Phase Not Chosen 0
Load Stats: Cycles 0, Imbalances 0, Phase Not Chosen 0
Load Stats: Cycles 0, Imbalances 0, Phase Not Chosen 0
Load Stats: Cycles 0, Imbalances 0, Phase Not Chosen 0
Load Stats: Cycles 0, Imbalances 0, Phase Not Chosen 0
Page Fault Node	24:	0
Load Stats: Cycles 0, Imbalances 0, Phase Not Chosen 0
Load Stats: Cycles 0, Imbalances 0, Phase Not Chosen 0
Load Stats: Cycles 0, Imbalances 0, Phase Not Chosen 0
Load Stats: Cycles 0, Imbalances 0, Phase Not Chosen 0
Page Fault Node	14:	0
Load Stats: Cycles 0, Imbalances 0, Phase Not Chosen 0
Page Fault Node	12:	0
Load Stats: Cycles 0, Imbalances 0, Phase Not Chosen 0
Load Stats: Cycles 0, Imbalances 0, Phase Not Chosen 0
Load Stats: Cycles 0, Imbalances 0, Phase Not Chosen 0
Load Stats: Cycles 0, Imbalances 0, Phase Not Chosen 0
Load Stats: Cycles 0, Imbalances 0, Phase Not Chosen 0
Load Stats: Cycles 0, Imbalances 0, Phase Not Chosen 0
Page Fault Node	1:	0
Page Fault Node	2:	0
Page Fault Node	3:	0
TW node	4	Cluster node	4	Mach node	24	Physical node	0xffffdc80
TW node	5	Cluster node	5	Mach node	200	Physical node	0xffffdc80
TW node	15	Cluster node	15	Mach node	246	Physical node	0xffffdc80
Page Fault Node	23:	0
TW node	11	Cluster node	11	Mach node	168	Physical node	0xffffdc80
Page Fault Node	16:	0
Page Fault Node	20:	0
TW node	8	Cluster node	8	Mach node	152	Physical node	0xffffdc80
TW node	9	Cluster node	9	Mach node	162	Physical node	0xffffdc80
Page Fault Node	6:	0
Page Fault Node	19:	0
TW node	24	Cluster node	24	Mach node	220	Physical node	0xffffdc80
TW node	12	Cluster node	12	Mach node	176	Physical node	0xffffdc80
Page Fault Node	25:	0
Page Fault Node	29:	0
TW node	7	Cluster node	7	Mach node	160	Physical node	0xffffdc80
Page Fault Node	31:	0
Page Fault Node	17:	0
Page Fault Node	27:	0
Page Fault Node	18:	0
Page Fault Node	21:	0
Page Fault Node	28:	0
Page Fault Node	13:	0
Page Fault Node	26:	0
Page Fault Node	30:	0
Page Fault Node	10:	0
Page Fault Node	22:	0
TW node	14	Cluster node	14	Mach node	196	Physical node	0xffffdc80
TW node	2	Cluster node	2	Mach node	194	Physical node	0xffffdc80
TW node	3	Cluster node	3	Mach node	22	Physical node	0xffffdc80
TW node	1	Cluster node	1	Mach node	18	Physical node	0xffffdc80
TW node	16	Cluster node	16	Mach node	52	Physical node	0xffffdc80
Node 5: max msg buffs allocated to free pool = 655
Node 8: max msg buffs allocated to free pool = 754
Node 4: max msg buffs allocated to free pool = 500
Node 7: max msg buffs allocated to free pool = 867
Node 11: max msg buffs allocated to free pool = 919
TW node	23	Cluster node	23	Mach node	216	Physical node	0xffffdc80
Node 9: max msg buffs allocated to free pool = 875
Node 15: max msg buffs allocated to free pool = 953
TW node	20	Cluster node	20	Mach node	210	Physical node	0xffffdc80
TW node	19	Cluster node	19	Mach node	208	Physical node	0xffffdc80
TW node	6	Cluster node	6	Mach node	28	Physical node	0xffffdc80
TW node	29	Cluster node	29	Mach node	48	Physical node	0xffffdc80
TW node	25	Cluster node	25	Mach node	144	Physical node	0xffffdc80
Node 24: max msg buffs allocated to free pool = 502
TW node	17	Cluster node	17	Mach node	112	Physical node	0xffffdc80
TW node	31	Cluster node	31	Mach node	38	Physical node	0xffffdc80
TW node	21	Cluster node	21	Mach node	212	Physical node	0xffffdc80
TW node	27	Cluster node	27	Mach node	188	Physical node	0xffffdc80
Node 14: max msg buffs allocated to free pool = 798
TW node	13	Cluster node	13	Mach node	124	Physical node	0xffffdc80
Node 12: max msg buffs allocated to free pool = 500
TW node	18	Cluster node	18	Mach node	204	Physical node	0xffffdc80
TW node	28	Cluster node	28	Mach node	50	Physical node	0xffffdc80
TW node	10	Cluster node	10	Mach node	164	Physical node	0xffffdc80
TW node	30	Cluster node	30	Mach node	44	Physical node	0xffffdc80
TW node	26	Cluster node	26	Mach node	244	Physical node	0xffffdc80
TW node	22	Cluster node	22	Mach node	214	Physical node	0xffffdc80
Node 1: max msg buffs allocated to free pool = 558
Node 2: max msg buffs allocated to free pool = 500
Node 3: max msg buffs allocated to free pool = 1089
Node 4: num msg buffs released from free pool = 0
Node 5: num msg buffs released from free pool = 140
Node 15: num msg buffs released from free pool = 418
Node 23: max msg buffs allocated to free pool = 500
Node 11: num msg buffs released from free pool = 419
Node 16: max msg buffs allocated to free pool = 858
Node 20: max msg buffs allocated to free pool = 643
Node 8: num msg buffs released from free pool = 211
Node 9: num msg buffs released from free pool = 302
Node 6: max msg buffs allocated to free pool = 500
Node 19: max msg buffs allocated to free pool = 596
Node 24: num msg buffs released from free pool = 1
Node 12: num msg buffs released from free pool = 0
Node 25: max msg buffs allocated to free pool = 606
Node 29: max msg buffs allocated to free pool = 681
Node 7: num msg buffs released from free pool = 310
Node 31: max msg buffs allocated to free pool = 854
Node 17: max msg buffs allocated to free pool = 606
Node 27: max msg buffs allocated to free pool = 911
Node 18: max msg buffs allocated to free pool = 500
Node 21: max msg buffs allocated to free pool = 500
Node 28: max msg buffs allocated to free pool = 811
Node 13: max msg buffs allocated to free pool = 893
Node 26: max msg buffs allocated to free pool = 538
Node 30: max msg buffs allocated to free pool = 732
Node 10: max msg buffs allocated to free pool = 894
Node 22: max msg buffs allocated to free pool = 501
Node 14: num msg buffs released from free pool = 257
Node 2: num msg buffs released from free pool = 0
Node 3: num msg buffs released from free pool = 590
Node 1: num msg buffs released from free pool = 29
Node 16: num msg buffs released from free pool = 346
Node 5: Max Local Time 51665312 for Object blue_div7/1
Node 8: Max Local Time 42306312 for Object blue_div7/4
Node 4: Max Local Time 44633312 for Object blue_div7/18
Node 7: Max Local Time 42308937 for Object red_div6/4
Node 11: Max Local Time 42309500 for Object red_div8/4
Node 23: num msg buffs released from free pool = 0
Node 9: Max Local Time 51633125 for Object red_corps1
Node 15: Max Local Time 51663187 for Object red_div4/1
Node 20: num msg buffs released from free pool = 135
Node 19: num msg buffs released from free pool = 64
Node 6: num msg buffs released from free pool = 0
Node 29: num msg buffs released from free pool = 135
Node 25: num msg buffs released from free pool = 93
Node 24: Max Local Time 41350750 for Object red_div4/17
Node 17: num msg buffs released from free pool = 67
Node 31: num msg buffs released from free pool = 315
Node 21: num msg buffs released from free pool = 0
Node 27: num msg buffs released from free pool = 343
Node 14: Max Local Time 42310312 for Object red_corps4
Node 13: num msg buffs released from free pool = 294
Node 12: Max Local Time 42309937 for Object red_div9/4
Node 18: num msg buffs released from free pool = 0
Node 28: num msg buffs released from free pool = 260
Node 10: num msg buffs released from free pool = 347
Node 30: num msg buffs released from free pool = 197
Node 26: num msg buffs released from free pool = 29
Node 22: num msg buffs released from free pool = 2
Node 1: Max Local Time 42308125 for Object red_div3/4
Node 2: Max Local Time 42304625 for Object blue_div4/4
Node 3: Max Local Time 44632812 for Object blue_div6/18
Node 4: No home ask needed for pending entry 5 times
Node 5: No home ask needed for pending entry 10 times
Node 15: No home ask needed for pending entry 1 times
Node 23: Max Local Time 44637125 for Object red_div8/18
Node 11: No home ask needed for pending entry 0 times
Node 16: Max Local Time 44637375 for Object red_div9/18
Node 20: Max Local Time 41331562 for Object red_div9/17
Node 8: No home ask needed for pending entry 1 times
Node 9: No home ask needed for pending entry 0 times
Node 6: Max Local Time 40539687 for Object red_div4/12
Node 19: Max Local Time 41835187 for Object blue_corps11
Node 24: No home ask needed for pending entry 9 times
Node 12: No home ask needed for pending entry 11 times
Node 25: Max Local Time 42310062 for Object red_div10/4
Node 29: Max Local Time 44637562 for Object red_div10/18
Node 7: No home ask needed for pending entry 1 times
Node 31: Max Local Time 41351375 for Object red_div5/17
Node 27: Max Local Time 51633500 for Object red_div10/1
Node 17: Max Local Time 41686937 for Object red_div7/2
Node 18: Max Local Time 41834000 for Object red_div8/11
Node 21: Max Local Time 44636062 for Object red_div4/18
Node 28: Max Local Time 51633000 for Object red_div8/1
Node 13: Max Local Time 44635750 for Object red_div3/18
Node 26: Max Local Time 41351625 for Object red_div7/17
Node 30: Max Local Time 51633562 for Object red_div9/1
Node 10: Max Local Time 51663312 for Object red_div5/1
Node 22: Max Local Time 41875125 for Object red_div6/11
Node 14: No home ask needed for pending entry 0 times
Node 2: No home ask needed for pending entry 10 times
Node 3: No home ask needed for pending entry 8 times
Node 1: No home ask needed for pending entry 13 times
Node 16: No home ask needed for pending entry 8 times
Node 5: Objects blocked 0 times
Node 8: Objects blocked 0 times
Node 4: Objects blocked 0 times
Node 7: Objects blocked 0 times
Node 23: No home ask needed for pending entry 1 times
Node 11: Objects blocked 0 times
Node 9: Objects blocked 0 times
Node 15: Objects blocked 0 times
Node 20: No home ask needed for pending entry 20 times
Node 19: No home ask needed for pending entry 5 times
Node 6: No home ask needed for pending entry 22 times
Node 29: No home ask needed for pending entry 0 times
Node 25: No home ask needed for pending entry 3 times
Node 24: Objects blocked 0 times
Node 17: No home ask needed for pending entry 6 times
Node 31: No home ask needed for pending entry 2 times
Node 21: No home ask needed for pending entry 2 times
Node 27: No home ask needed for pending entry 0 times
Node 14: Objects blocked 0 times
Node 13: No home ask needed for pending entry 1 times
Node 12: Objects blocked 0 times
Node 18: No home ask needed for pending entry 6 times
Node 28: No home ask needed for pending entry 0 times
Node 10: No home ask needed for pending entry 0 times
Node 30: No home ask needed for pending entry 0 times
Node 26: No home ask needed for pending entry 6 times
Node 22: No home ask needed for pending entry 11 times
Node 1: Objects blocked 0 times
Node 2: Objects blocked 0 times
Node 3: Objects blocked 0 times
Node 4: Homeasks sent 60 Homeasks received 39
Node 5: Homeasks sent 49 Homeasks received 50
Node 15: Homeasks sent 54 Homeasks received 72
Node 23: Objects blocked 0 times
Node 11: Homeasks sent 50 Homeasks received 80
Node 16: Objects blocked 0 times
Node 20: Objects blocked 0 times
Node 8: Homeasks sent 52 Homeasks received 64
Node 9: Homeasks sent 55 Homeasks received 87
Node 6: Objects blocked 0 times
Node 19: Objects blocked 0 times
Node 24: Homeasks sent 70 Homeasks received 43
Node 12: Homeasks sent 58 Homeasks received 31
Node 25: Objects blocked 0 times
Node 29: Objects blocked 0 times
Node 7: Homeasks sent 47 Homeasks received 79
Node 31: Objects blocked 0 times
Node 27: Objects blocked 0 times
Node 17: Objects blocked 0 times
Node 18: Objects blocked 0 times
Node 21: Objects blocked 0 times
Node 28: Objects blocked 0 times
Node 13: Objects blocked 0 times
Node 26: Objects blocked 0 times
Node 30: Objects blocked 0 times
Node 10: Objects blocked 0 times
Node 22: Objects blocked 0 times
Node 14: Homeasks sent 60 Homeasks received 27
Node 2: Homeasks sent 65 Homeasks received 42
Node 3: Homeasks sent 37 Homeasks received 63
Node 1: Homeasks sent 59 Homeasks received 57
Node 16: Homeasks sent 61 Homeasks received 61
Node 5: Homeans sent 50 Homeans received 49
Node 8: Homeans sent 64 Homeans received 52
Node 4: Homeans sent 39 Homeans received 60
Node 7: Homeans sent 79 Homeans received 47
Node 23: Homeasks sent 68 Homeasks received 57
Node 11: Homeans sent 80 Homeans received 50
Node 9: Homeans sent 87 Homeans received 55
Node 15: Homeans sent 72 Homeans received 54
Node 20: Homeasks sent 71 Homeasks received 61
Node 19: Homeasks sent 69 Homeasks received 87
Node 6: Homeasks sent 84 Homeasks received 60
Node 29: Homeasks sent 35 Homeasks received 95
Node 25: Homeasks sent 74 Homeasks received 52
Node 24: Homeans sent 43 Homeans received 70
Node 17: Homeasks sent 86 Homeasks received 80
Node 31: Homeasks sent 77 Homeasks received 64
Node 21: Homeasks sent 70 Homeasks received 61
Node 27: Homeasks sent 37 Homeasks received 61
Node 14: Homeans sent 27 Homeans received 60
Node 13: Homeasks sent 64 Homeasks received 51
Node 12: Homeans sent 31 Homeans received 58
Node 18: Homeasks sent 80 Homeasks received 61
Node 28: Homeasks sent 48 Homeasks received 83
Node 10: Homeasks sent 44 Homeasks received 36
Node 30: Homeasks sent 35 Homeasks received 63
Node 26: Homeasks sent 74 Homeasks received 29
Node 22: Homeasks sent 63 Homeasks received 27
Node 1: Homeans sent 57 Homeans received 59
Node 2: Homeans sent 42 Homeans received 65
Node 3: Homeans sent 63 Homeans received 37
Node 23: Homeans sent 57 Homeans received 68
Node 16: Homeans sent 61 Homeans received 61
Node 20: Homeans sent 61 Homeans received 71
Node 6: Homeans sent 60 Homeans received 84
Node 19: Homeans sent 87 Homeans received 69
Node 25: Homeans sent 52 Homeans received 74
Node 29: Homeans sent 95 Homeans received 35
Node 31: Homeans sent 64 Homeans received 77
Node 27: Homeans sent 61 Homeans received 37
Node 17: Homeans sent 80 Homeans received 86
Node 18: Homeans sent 61 Homeans received 80
Node 21: Homeans sent 61 Homeans received 70
Node 28: Homeans sent 83 Homeans received 48
Node 13: Homeans sent 51 Homeans received 64
Node 26: Homeans sent 29 Homeans received 74
Node 30: Homeans sent 63 Homeans received 35
Node 10: Homeans sent 36 Homeans received 44
Node 22: Homeans sent 27 Homeans received 63



@(#)brkpt.c 1.7	9/26/89	15:40:41	TIMEWARP
@(#)buglib2.c     1.67	10/23/89	11:02:54	TIMEWARP
@(#)cmp.c     1.18	6/2/89	12:43:16	TIMEWARP
@(#)comdtab.c     1.53	10/2/89	14:12:10	TIMEWARP
@(#)command.c     1.52	9/26/89	15:38:16	TIMEWARP
@(#)commit.c       1.20	9/26/89	16:48:05	TIMEWARP
@(#)cubeio.c       1.47	10/2/89	14:15:56	TIMEWARP
@(#)deliver.c     $Revision: 1.7 $	$Date: 91/11/01 09:19:43 $	TIMEWARP
@(#)fileio.c       $Revision: 1.9 $	$Date: 91/11/01 09:22:53 $	TIMEWARP
@(#)format.c       1.21	9/27/89	14:03:48	TIMEWARP
@(#)getime.c       1.16	6/2/89	12:43:47	TIMEWARP
@(#)gvt2.c    1.9	10/23/89	08:53:45	TIMEWARP
@(#)hostifc.c     1.47	9/12/89	17:08:43	TIMEWARP
@(#)int.c     $Revision: 1.5 $	$Date: 91/12/27 09:05:55 $	TIMEWARP
@(#)idlist.c       $Revision: 1.4 $	$Date: 91/08/07 16:36:14 $	TIMEWARP
@(#)list.c   $Revision: 1.7 $	$Date: 91/12/27 08:42:32 $	TIMEWARP
@(#)loadman.c     1.1	10/2/89	17:00:55	TIMEWARP
@(#)machdep.c     1.58	10/2/89	14:45:42	TIMEWARP
@(#)machifc.c     $Revision: 1.8 $	$Date: 91/11/01 09:41:12 $	TIMEWARP
@(#)make.c   $Revision	$Date	TIMEWARP
@(#)mem.c     $Revision: 1.7 $	$Date: 91/12/27 09:08:13 $	TIMEWARP
@(#)migr.c 1.31	10/6/89	14:25:23	TIMEWARP
@(#)mkmsg.c 1.9	6/2/89	12:44:35	TIMEWARP
@(#)moninit.c     1.23	6/2/89	12:44:37	TIMEWARP
@(#)monitor.c     1.12	6/2/89	12:44:41	TIMEWARP
@(#)mproc.c 1.55	9/28/89	15:05:09	TIMEWARP
@(#)msgcntl.c     1.48	10/2/89	15:02:31	TIMEWARP
@(#)nq.c       1.67	10/2/89	15:05:42	TIMEWARP
@(#)objend.c       1.42	9/26/89	16:44:32	TIMEWARP
@(#)objhead.c     $Revision: 1.10 $	$Date: 91/12/27 08:47:35 $	TIMEWARP
@(#)objifc.c       $Revision: 1.12 $	$Date: 91/12/27 09:10:27 $	TIMEWARP
@(#)rollback.c   1.58	10/6/89	14:23:00	TIMEWARP
@(#)save.c   $Revision: 1.4 $	$Date: 91/11/01 10:06:24 $	TIMEWARP
@(#)sched.c $Revision: 1.10 $	$Date: 91/12/27 08:48:44 $	TIMEWARP
@(#)sendback.c   $Revision: 1.10 $	$Date: 91/11/06 11:12:34 $	TIMEWARP
@(#)serve.c 1.65	9/26/89	16:40:59	TIMEWARP
@(#)services.c   $Revision: 1.5 $	$Date: 91/11/01 12:36:56 $	TIMEWARP
@(#)start.c $Revision: 1.6 $	$Date: 91/11/01 12:38:51 $	TIMEWARP
@(#)state.c $Revision: 1.15 $	$Date: 91/12/27 09:57:34 $	TIMEWARP
@(#)stats.c 1.29	8/8/89	13:21:20	TIMEWARP
@(#)storage.c     1.49	10/2/89	16:23:20	TIMEWARP
@(#)tester.c       $Revision: 1.13 $	$Date: 91/12/27 09:18:24 $	TIMEWARP
@(#)timewarp.c   $Revision: 1.22 $	$Date: 91/12/31 08:28:02 $	TIMEWARP
@(#)tlib.c   1.4	6/2/89	12:46:24	TIMEWARP
@(#)toupper.c     1.5	6/2/89	12:46:26	TIMEWARP
@(#)tstrinit.c   1.44	10/2/89	16:28:12	TIMEWARP
@(#)turboq2.c     1.25	6/2/89	12:46:32	TIMEWARP
@(#)objloc.c       1.30	10/2/89	15:42:10	TIMEWARP
@(#)vtime.c 1.5	9/27/89	15:54:23	TIMEWARP
