Version 2.7


Config File ../CONFIG/stb88.cfg.6


Elapsed time for this run was 4167.70 seconds



Node	Obj	E+FT	E-FT	E+FR	E-FR	E+FC	e starts	e cmps	e com	e zap	# ssave	# scom	E Sent
	E+RT	E-RT	E+RR	E-RR	cr strts	ds strts	cm cr	cm ds	migr	stmigr	imigr	omigr	sqlen	iqlen	oqlen	sqmax,	iqmax,	oqmax	stforw	ctime	cpu	segmax


0	G0,0	93	0	93	0	93	50	50	0	0	0	0	174	0	0	0	0	1	0	0	0	0	0	0	0	0	0	0	0	0	0	0	0.000000	15.454937	0


0	G0,1	86	0	86	0	86	47	47	0	0	0	0	129	0	0	0	0	1	0	0	0	0	0	0	0	0	0	0	0	0	0	0	0.000000	13.952938	0


0	G0,10	86	0	86	0	86	47	47	0	0	0	0	129	0	0	0	0	1	0	0	0	0	0	0	0	0	0	0	0	0	0	0	0.000000	14.130375	0


0	G0,11	107	0	107	0	107	57	57	0	0	0	0	174	0	0	0	0	1	0	0	0	0	0	0	0	0	0	0	0	0	0	0	0.000000	17.517375	0


0	G0,12	100	0	100	0	100	54	54	0	0	0	0	147	0	0	0	0	1	0	0	0	0	0	0	0	0	0	0	0	0	0	0	0.000000	15.993438	0


0	G0,13	105	0	105	0	105	56	56	0	0	0	0	163	0	0	0	0	1	0	0	0	0	0	0	0	0	0	0	0	0	0	0	0.000000	14.838812	0


0	G0,14	101	0	101	0	101	55	55	0	0	0	0	152	0	0	0	0	1	0	0	0	0	0	0	0	0	0	0	0	0	0	0	0.000000	16.756750	0


0	G0,15	110	0	110	0	110	61	61	0	0	0	0	182	0	0	0	0	1	0	0	0	0	0	0	0	0	0	0	0	0	0	0	0.000000	16.532563	0


0	G0,16	84	0	84	0	84	45	45	0	0	0	0	127	0	0	0	0	1	0	0	0	0	0	0	0	0	0	0	0	0	0	0	0.000000	13.321938	0


0	G0,17	95	0	95	0	95	54	54	0	0	0	0	176	0	0	0	0	1	0	0	0	0	0	0	0	0	0	0	0	0	0	0	0.000000	16.491625	0


0	G0,18	0	0	0	0	0	0	0	0	0	0	0	0	0	0	0	0	1	0	0	0	0	0	0	0	0	0	0	0	0	0	0	0.000000	0.000000	0


0	G0,19	0	0	0	0	0	0	0	0	0	0	0	0	0	0	0	0	1	0	0	0	0	0	0	0	0	0	0	0	0	0	0	0.000000	0.000000	0


0	G0,2	84	0	84	0	84	48	48	0	0	0	0	124	0	0	0	0	1	0	0	0	0	0	0	0	0	0	0	0	0	0	0	0.000000	12.563437	0


0	G0,3	111	0	111	0	111	57	57	0	0	0	0	230	0	0	0	0	1	0	0	0	0	0	0	0	0	0	0	0	0	0	0	0.000000	17.503875	0


0	G0,4	107	0	107	0	107	57	57	0	0	0	0	182	0	0	0	0	1	0	0	0	0	0	0	0	0	0	0	0	0	0	0	0.000000	17.165000	0


0	G0,5	109	0	109	0	109	60	60	0	0	0	0	181	0	0	0	0	1	0	0	0	0	0	0	0	0	0	0	0	0	0	0	0.000000	16.133625	0


0	G0,6	106	0	106	0	106	56	56	0	0	0	0	185	0	0	0	0	1	0	0	0	0	0	0	0	0	0	0	0	0	0	0	0.000000	17.075125	0


0	G0,7	99	0	99	0	99	53	53	0	0	0	0	146	0	0	0	0	1	0	0	0	0	0	0	0	0	0	0	0	0	0	0	0.000000	15.886437	0


0	G0,8	110	0	110	0	110	60	60	0	0	0	0	167	0	0	0	0	1	0	0	0	0	0	0	0	0	0	0	0	0	0	0	0.000000	18.392625	0


0	G0,9	107	0	107	0	107	57	57	0	0	0	0	165	0	0	0	0	1	0	0	0	0	0	0	0	0	0	0	0	0	0	0	0.000000	15.499750	0


0	blue_corps1	1112	0	1112	0	1112	770	770	0	0	0	0	573	0	0	0	0	1	0	0	0	0	0	0	0	0	0	0	0	0	0	0	0.000000	2.381438	0


0	blue_corps10	2292	0	2292	0	2292	1095	1095	0	0	0	0	911	0	0	0	0	1	0	0	0	0	0	0	0	0	0	0	0	0	0	0	0.000000	4.962688	0


0	blue_corps11	1096	0	1096	0	1096	777	777	0	0	0	0	565	0	0	0	0	1	0	0	0	0	0	0	0	0	0	0	0	0	0	0	0.000000	2.278500	0


0	blue_corps12	2287	0	2287	0	2287	1110	1110	0	0	0	0	911	0	0	0	0	1	0	0	0	0	0	0	0	0	0	0	0	0	0	0	0.000000	4.492312	0


0	blue_corps13	1926	0	1926	0	1926	1099	1099	0	0	0	0	841	0	0	0	0	1	0	0	0	0	0	0	0	0	0	0	0	0	0	0	0.000000	3.884125	0


0	blue_corps14	2284	0	2284	0	2284	1107	1107	0	0	0	0	911	0	0	0	0	1	0	0	0	0	0	0	0	0	0	0	0	0	0	0	0.000000	4.876750	0


0	blue_corps15	1925	0	1925	0	1925	1115	1115	0	0	0	0	841	0	0	0	0	1	0	0	0	0	0	0	0	0	0	0	0	0	0	0	0.000000	4.254313	0


0	blue_corps16	2273	0	2273	0	2273	1112	1112	0	0	0	0	898	0	0	0	0	1	0	0	0	0	0	0	0	0	0	0	0	0	0	0	0.000000	4.613875	0


0	blue_corps17	1086	0	1086	0	1086	790	790	0	0	0	0	557	0	0	0	0	1	0	0	0	0	0	0	0	0	0	0	0	0	0	0	0.000000	2.284312	0


0	blue_corps18	1105	0	1105	0	1105	828	828	0	0	0	0	557	0	0	0	0	1	0	0	0	0	0	0	0	0	0	0	0	0	0	0	0.000000	2.531062	0


0	blue_corps2	1110	0	1110	0	1110	772	772	0	0	0	0	573	0	0	0	0	1	0	0	0	0	0	0	0	0	0	0	0	0	0	0	0.000000	2.224125	0


0	blue_corps3	1108	0	1108	0	1108	506	506	0	0	0	0	573	0	0	0	0	1	0	0	0	0	0	0	0	0	0	0	0	0	0	0	0.000000	2.185188	0


0	blue_corps4	2374	0	2374	0	2374	1133	1133	0	0	0	0	993	0	0	0	0	1	0	0	0	0	0	0	0	0	0	0	0	0	0	0	0.000000	5.513687	0


0	blue_corps5	2299	0	2299	0	2299	1092	1092	0	0	0	0	911	0	0	0	0	1	0	0	0	0	0	0	0	0	0	0	0	0	0	0	0.000000	4.591563	0


0	blue_corps6	2298	0	2298	0	2298	1097	1097	0	0	0	0	911	0	0	0	0	1	0	0	0	0	0	0	0	0	0	0	0	0	0	0	0.000000	4.774250	0


0	blue_corps7	2003	0	2003	0	2003	1096	1096	0	0	0	0	909	0	0	0	0	1	0	0	0	0	0	0	0	0	0	0	0	0	0	0	0.000000	4.764812	0


0	blue_corps8	1935	0	1935	0	1935	1093	1093	0	0	0	0	841	0	0	0	0	1	0	0	0	0	0	0	0	0	0	0	0	0	0	0	0.000000	3.872375	0


0	blue_corps9	2290	0	2290	0	2290	1116	1116	0	0	0	0	911	0	0	0	0	1	0	0	0	0	0	0	0	0	0	0	0	0	0	0	0.000000	4.694375	0


0	blue_div1/1	6	0	6	0	6	3	3	0	0	0	0	1	0	0	0	0	1	0	0	0	0	0	0	0	0	0	0	0	0	0	0	0.000000	0.084625	0


0	blue_div1/10	3	0	3	0	3	3	3	0	0	0	0	1	0	0	0	0	1	0	0	0	0	0	0	0	0	0	0	0	0	0	0	0.000000	0.005250	0


0	blue_div1/11	6	0	6	0	6	3	3	0	0	0	0	1	0	0	0	0	1	0	0	0	0	0	0	0	0	0	0	0	0	0	0	0.000000	0.030812	0


0	blue_div1/12	3	0	3	0	3	3	3	0	0	0	0	1	0	0	0	0	1	0	0	0	0	0	0	0	0	0	0	0	0	0	0	0.000000	0.005250	0


0	blue_div1/13	4	0	4	0	4	3	3	0	0	0	0	1	0	0	0	0	1	0	0	0	0	0	0	0	0	0	0	0	0	0	0	0.000000	0.112000	0


0	blue_div1/14	3	0	3	0	3	3	3	0	0	0	0	1	0	0	0	0	1	0	0	0	0	0	0	0	0	0	0	0	0	0	0	0.000000	0.005250	0


0	blue_div1/15	4	0	4	0	4	3	3	0	0	0	0	1	0	0	0	0	1	0	0	0	0	0	0	0	0	0	0	0	0	0	0	0.000000	0.005625	0


0	blue_div1/16	3	0	3	0	3	3	3	0	0	0	0	1	0	0	0	0	1	0	0	0	0	0	0	0	0	0	0	0	0	0	0	0.000000	0.102500	0


0	blue_div1/17	6	0	6	0	6	3	3	0	0	0	0	1	0	0	0	0	1	0	0	0	0	0	0	0	0	0	0	0	0	0	0	0.000000	0.006063	0


0	blue_div1/18	6	0	6	0	6	3	3	0	0	0	0	1	0	0	0	0	1	0	0	0	0	0	0	0	0	0	0	0	0	0	0	0.000000	0.006688	0


0	blue_div1/2	6	0	6	0	6	3	3	0	0	0	0	1	0	0	0	0	1	0	0	0	0	0	0	0	0	0	0	0	0	0	0	0.000000	0.162688	0


0	blue_div1/3	6	0	6	0	6	3	3	0	0	0	0	1	0	0	0	0	1	0	0	0	0	0	0	0	0	0	0	0	0	0	0	0.000000	0.006250	0


0	blue_div1/4	3	0	3	0	3	3	3	0	0	0	0	1	0	0	0	0	1	0	0	0	0	0	0	0	0	0	0	0	0	0	0	0.000000	0.005625	0


0	blue_div1/5	3	0	3	0	3	3	3	0	0	0	0	1	0	0	0	0	1	0	0	0	0	0	0	0	0	0	0	0	0	0	0	0.000000	0.104750	0


0	blue_div1/6	3	0	3	0	3	3	3	0	0	0	0	1	0	0	0	0	1	0	0	0	0	0	0	0	0	0	0	0	0	0	0	0.000000	0.005313	0


0	blue_div1/7	4	0	4	0	4	3	3	0	0	0	0	1	0	0	0	0	1	0	0	0	0	0	0	0	0	0	0	0	0	0	0	0.000000	0.005500	0


0	blue_div1/8	4	0	4	0	4	3	3	0	0	0	0	1	0	0	0	0	1	0	0	0	0	0	0	0	0	0	0	0	0	0	0	0.000000	0.156625	0


0	blue_div1/9	3	0	3	0	3	3	3	0	0	0	0	1	0	0	0	0	1	0	0	0	0	0	0	0	0	0	0	0	0	0	0	0.000000	0.005188	0


0	blue_div2/1	6	0	6	0	6	3	3	0	0	0	0	1	0	0	0	0	1	0	0	0	0	0	0	0	0	0	0	0	0	0	0	0.000000	0.006000	0


0	blue_div2/10	3	0	3	0	3	3	3	0	0	0	0	1	0	0	0	0	1	0	0	0	0	0	0	0	0	0	0	0	0	0	0	0.000000	0.005688	0


0	blue_div2/11	6	0	6	0	6	3	3	0	0	0	0	1	0	0	0	0	1	0	0	0	0	0	0	0	0	0	0	0	0	0	0	0.000000	0.006875	0


0	blue_div2/12	3	0	3	0	3	3	3	0	0	0	0	1	0	0	0	0	1	0	0	0	0	0	0	0	0	0	0	0	0	0	0	0.000000	0.005625	0


0	blue_div2/13	4	0	4	0	4	3	3	0	0	0	0	1	0	0	0	0	1	0	0	0	0	0	0	0	0	0	0	0	0	0	0	0.000000	0.005500	0


0	blue_div2/14	3	0	3	0	3	3	3	0	0	0	0	1	0	0	0	0	1	0	0	0	0	0	0	0	0	0	0	0	0	0	0	0.000000	0.032000	0


0	blue_div2/15	4	0	4	0	4	3	3	0	0	0	0	1	0	0	0	0	1	0	0	0	0	0	0	0	0	0	0	0	0	0	0	0.000000	0.005812	0


0	blue_div2/16	3	0	3	0	3	3	3	0	0	0	0	1	0	0	0	0	1	0	0	0	0	0	0	0	0	0	0	0	0	0	0	0.000000	0.005562	0


0	blue_div2/17	6	0	6	0	6	3	3	0	0	0	0	1	0	0	0	0	1	0	0	0	0	0	0	0	0	0	0	0	0	0	0	0.000000	0.063937	0


0	blue_div2/18	6	0	6	0	6	3	3	0	0	0	0	1	0	0	0	0	1	0	0	0	0	0	0	0	0	0	0	0	0	0	0	0.000000	0.006000	0


0	blue_div2/2	6	0	6	0	6	3	3	0	0	0	0	1	0	0	0	0	1	0	0	0	0	0	0	0	0	0	0	0	0	0	0	0.000000	0.005938	0


0	blue_div2/3	6	0	6	0	6	3	3	0	0	0	0	1	0	0	0	0	1	0	0	0	0	0	0	0	0	0	0	0	0	0	0	0.000000	0.100188	0


0	blue_div2/4	3	0	3	0	3	3	3	0	0	0	0	1	0	0	0	0	1	0	0	0	0	0	0	0	0	0	0	0	0	0	0	0.000000	0.005250	0


0	blue_div2/5	3	0	3	0	3	3	3	0	0	0	0	1	0	0	0	0	1	0	0	0	0	0	0	0	0	0	0	0	0	0	0	0.000000	0.005250	0


0	blue_div2/6	3	0	3	0	3	3	3	0	0	0	0	1	0	0	0	0	1	0	0	0	0	0	0	0	0	0	0	0	0	0	0	0.000000	0.065812	0


0	blue_div2/7	4	0	4	0	4	3	3	0	0	0	0	1	0	0	0	0	1	0	0	0	0	0	0	0	0	0	0	0	0	0	0	0.000000	0.005500	0


0	blue_div2/8	4	0	4	0	4	3	3	0	0	0	0	1	0	0	0	0	1	0	0	0	0	0	0	0	0	0	0	0	0	0	0	0.000000	0.005812	0


0	blue_div2/9	3	0	3	0	3	3	3	0	0	0	0	1	0	0	0	0	1	0	0	0	0	0	0	0	0	0	0	0	0	0	0	0.000000	0.064688	0


0	blue_div3/1	6	0	6	0	6	3	3	0	0	0	0	1	0	0	0	0	1	0	0	0	0	0	0	0	0	0	0	0	0	0	0	0.000000	0.113125	0


0	blue_div3/10	4268	0	4268	0	4268	2614	2614	0	0	0	0	4548	0	0	0	0	1	0	0	0	0	0	0	0	0	0	0	0	0	0	0	0.000000	28.544375	0


0	blue_div3/11	6	0	6	0	6	3	3	0	0	0	0	1	0	0	0	0	1	0	0	0	0	0	0	0	0	0	0	0	0	0	0	0.000000	0.006688	0


0	blue_div3/12	2625	0	2625	0	2625	2622	2622	0	0	0	0	2901	0	0	0	0	1	0	0	0	0	0	0	0	0	0	0	0	0	0	0	0.000000	18.362000	0


0	blue_div3/13	4	0	4	0	4	3	3	0	0	0	0	1	0	0	0	0	1	0	0	0	0	0	0	0	0	0	0	0	0	0	0	0.000000	0.030062	0


0	blue_div3/14	4266	0	4266	0	4266	2615	2615	0	0	0	0	4545	0	0	0	0	1	0	0	0	0	0	0	0	0	0	0	0	0	0	0	0.000000	28.386625	0


0	blue_div3/15	4	0	4	0	4	3	3	0	0	0	0	1	0	0	0	0	1	0	0	0	0	0	0	0	0	0	0	0	0	0	0	0.000000	0.117437	0


0	blue_div3/16	4269	0	4269	0	4269	2616	2616	0	0	0	0	4544	0	0	0	0	1	0	0	0	0	0	0	0	0	0	0	0	0	0	0	0.000000	28.327063	0


0	blue_div3/17	6	0	6	0	6	3	3	0	0	0	0	1	0	0	0	0	1	0	0	0	0	0	0	0	0	0	0	0	0	0	0	0.000000	0.006375	0


0	blue_div3/18	6	0	6	0	6	3	3	0	0	0	0	1	0	0	0	0	1	0	0	0	0	0	0	0	0	0	0	0	0	0	0	0.000000	0.151375	0


0	blue_div3/2	6	0	6	0	6	3	3	0	0	0	0	1	0	0	0	0	1	0	0	0	0	0	0	0	0	0	0	0	0	0	0	0.000000	0.006313	0


0	blue_div3/3	6	0	6	0	6	3	3	0	0	0	0	1	0	0	0	0	1	0	0	0	0	0	0	0	0	0	0	0	0	0	0	0.000000	0.006063	0


0	blue_div3/4	5104	0	5104	0	5104	2623	2623	0	0	0	0	5374	0	0	0	0	1	0	0	0	0	0	0	0	0	0	0	0	0	0	0	0.000000	33.583750	0


0	blue_div3/5	3454	0	3454	0	3454	2623	2623	0	0	0	0	3727	0	0	0	0	1	0	0	0	0	0	0	0	0	0	0	0	0	0	0	0.000000	23.364375	0


0	blue_div3/6	4277	0	4277	0	4277	2626	2626	0	0	0	0	4551	0	0	0	0	1	0	0	0	0	0	0	0	0	0	0	0	0	0	0	0.000000	28.370562	0


0	blue_div3/7	4	0	4	0	4	3	3	0	0	0	0	1	0	0	0	0	1	0	0	0	0	0	0	0	0	0	0	0	0	0	0	0.000000	0.182062	0


0	blue_div3/8	4	0	4	0	4	3	3	0	0	0	0	1	0	0	0	0	1	0	0	0	0	0	0	0	0	0	0	0	0	0	0	0.000000	0.005562	0


0	blue_div3/9	2622	0	2622	0	2622	2619	2619	0	0	0	0	2903	0	0	0	0	1	0	0	0	0	0	0	0	0	0	0	0	0	0	0	0.000000	18.303812	0


0	blue_div4/1	6	0	6	0	6	3	3	0	0	0	0	1	0	0	0	0	1	0	0	0	0	0	0	0	0	0	0	0	0	0	0	0.000000	0.006438	0


0	blue_div4/10	4268	0	4268	0	4268	2614	2614	0	0	0	0	4548	0	0	0	0	1	0	0	0	0	0	0	0	0	0	0	0	0	0	0	0.000000	28.322437	0


0	blue_div4/11	6	0	6	0	6	3	3	0	0	0	0	1	0	0	0	0	1	0	0	0	0	0	0	0	0	0	0	0	0	0	0	0.000000	0.006625	0


0	blue_div4/12	2625	0	2625	0	2625	2622	2622	0	0	0	0	2901	0	0	0	0	1	0	0	0	0	0	0	0	0	0	0	0	0	0	0	0.000000	18.280438	0


0	blue_div4/13	3438	0	3438	0	3438	2613	2613	0	0	0	0	3722	0	0	0	0	1	0	0	0	0	0	0	0	0	0	0	0	0	0	0	0.000000	23.409813	0


0	blue_div4/14	4266	0	4266	0	4266	2615	2615	0	0	0	0	4545	0	0	0	0	1	0	0	0	0	0	0	0	0	0	0	0	0	0	0	0.000000	28.307938	0


0	blue_div4/15	2615	0	2615	0	2615	2615	2615	0	0	0	0	2900	0	0	0	0	1	0	0	0	0	0	0	0	0	0	0	0	0	0	0	0.000000	18.274938	0


0	blue_div4/16	4269	0	4269	0	4269	2616	2616	0	0	0	0	4544	0	0	0	0	1	0	0	0	0	0	0	0	0	0	0	0	0	0	0	0.000000	28.448438	0


0	blue_div4/17	6	0	6	0	6	3	3	0	0	0	0	1	0	0	0	0	1	0	0	0	0	0	0	0	0	0	0	0	0	0	0	0.000000	0.006375	0


0	blue_div4/18	6	0	6	0	6	3	3	0	0	0	0	1	0	0	0	0	1	0	0	0	0	0	0	0	0	0	0	0	0	0	0	0.000000	0.006313	0


0	blue_div4/2	6	0	6	0	6	3	3	0	0	0	0	1	0	0	0	0	1	0	0	0	0	0	0	0	0	0	0	0	0	0	0	0.000000	0.157563	0


0	blue_div4/3	6	0	6	0	6	3	3	0	0	0	0	1	0	0	0	0	1	0	0	0	0	0	0	0	0	0	0	0	0	0	0	0.000000	0.006000	0


0	blue_div4/4	5104	0	5104	0	5104	2623	2623	0	0	0	0	5374	0	0	0	0	1	0	0	0	0	0	0	0	0	0	0	0	0	0	0	0.000000	33.451750	0


0	blue_div4/5	3454	0	3454	0	3454	2623	2623	0	0	0	0	3727	0	0	0	0	1	0	0	0	0	0	0	0	0	0	0	0	0	0	0	0.000000	23.498562	0


0	blue_div4/6	4277	0	4277	0	4277	2626	2626	0	0	0	0	4551	0	0	0	0	1	0	0	0	0	0	0	0	0	0	0	0	0	0	0	0.000000	28.344250	0


0	blue_div4/7	5092	0	5092	0	5092	2615	2615	0	0	0	0	5372	0	0	0	0	1	0	0	0	0	0	0	0	0	0	0	0	0	0	0	0.000000	33.480375	0


0	blue_div4/8	3442	0	3442	0	3442	2613	2613	0	0	0	0	3724	0	0	0	0	1	0	0	0	0	0	0	0	0	0	0	0	0	0	0	0.000000	23.428125	0


0	blue_div4/9	2622	0	2622	0	2622	2619	2619	0	0	0	0	2903	0	0	0	0	1	0	0	0	0	0	0	0	0	0	0	0	0	0	0	0.000000	18.248750	0


0	blue_div5/1	6	0	6	0	6	3	3	0	0	0	0	1	0	0	0	0	1	0	0	0	0	0	0	0	0	0	0	0	0	0	0	0.000000	0.006688	0


0	blue_div5/10	3438	0	3438	0	3438	1792	1792	0	0	0	0	3708	0	0	0	0	1	0	0	0	0	0	0	0	0	0	0	0	0	0	0	0.000000	22.354937	0


0	blue_div5/11	6	0	6	0	6	3	3	0	0	0	0	1	0	0	0	0	1	0	0	0	0	0	0	0	0	0	0	0	0	0	0	0.000000	0.006313	0


0	blue_div5/12	2628	0	2628	0	2628	1796	1796	0	0	0	0	2887	0	0	0	0	1	0	0	0	0	0	0	0	0	0	0	0	0	0	0	0.000000	17.419313	0


0	blue_div5/13	3443	0	3443	0	3443	1794	1794	0	0	0	0	3706	0	0	0	0	1	0	0	0	0	0	0	0	0	0	0	0	0	0	0	0.000000	22.407688	0


0	blue_div5/14	3438	0	3438	0	3438	1790	1790	0	0	0	0	3706	0	0	0	0	1	0	0	0	0	0	0	0	0	0	0	0	0	0	0	0.000000	22.356750	0


0	blue_div5/15	5089	0	5089	0	5089	1796	1796	0	0	0	0	5350	0	0	0	0	1	0	0	0	0	0	0	0	0	0	0	0	0	0	0	0.000000	32.468688	0


0	blue_div5/16	3452	0	3452	0	3452	1790	1790	0	0	0	0	3708	0	0	0	0	1	0	0	0	0	0	0	0	0	0	0	0	0	0	0	0.000000	22.502000	0


0	blue_div5/17	6	0	6	0	6	3	3	0	0	0	0	1	0	0	0	0	1	0	0	0	0	0	0	0	0	0	0	0	0	0	0	0.000000	0.006625	0


0	blue_div5/18	6	0	6	0	6	3	3	0	0	0	0	1	0	0	0	0	1	0	0	0	0	0	0	0	0	0	0	0	0	0	0	0.000000	0.006063	0


0	blue_div5/2	6	0	6	0	6	3	3	0	0	0	0	1	0	0	0	0	1	0	0	0	0	0	0	0	0	0	0	0	0	0	0	0.000000	0.006438	0


0	blue_div5/3	6	0	6	0	6	3	3	0	0	0	0	1	0	0	0	0	1	0	0	0	0	0	0	0	0	0	0	0	0	0	0	0.000000	0.005938	0


0	blue_div5/4	5106	0	5106	0	5106	1795	1795	0	0	0	0	5365	0	0	0	0	1	0	0	0	0	0	0	0	0	0	0	0	0	0	0	0.000000	32.748688	0


0	blue_div5/5	4278	0	4278	0	4278	1798	1798	0	0	0	0	4540	0	0	0	0	1	0	0	0	0	0	0	0	0	0	0	0	0	0	0	0.000000	27.561563	0


0	blue_div5/6	3456	0	3456	0	3456	1798	1798	0	0	0	0	3718	0	0	0	0	1	0	0	0	0	0	0	0	0	0	0	0	0	0	0	0.000000	22.528688	0


0	blue_div5/7	1799	0	1799	0	1799	1796	1796	0	0	0	0	2067	0	0	0	0	1	0	0	0	0	0	0	0	0	0	0	0	0	0	0	0.000000	12.349187	0


0	blue_div5/8	3445	0	3445	0	3445	1792	1792	0	0	0	0	3711	0	0	0	0	1	0	0	0	0	0	0	0	0	0	0	0	0	0	0	0.000000	22.337250	0


0	blue_div5/9	5084	0	5084	0	5084	1788	1788	0	0	0	0	5352	0	0	0	0	1	0	0	0	0	0	0	0	0	0	0	0	0	0	0	0.000000	32.484063	0


0	blue_div6/1	6740	0	6740	0	6740	1793	1793	0	0	0	0	7009	0	0	0	0	1	0	0	0	0	0	0	0	0	0	0	0	0	0	0	0.000000	42.676875	0


0	blue_div6/10	3443	0	3443	0	3443	1796	1796	0	0	0	0	3708	0	0	0	0	1	0	0	0	0	0	0	0	0	0	0	0	0	0	0	0.000000	22.362125	0


0	blue_div6/11	5084	0	5084	0	5084	1790	1790	0	0	0	0	5351	0	0	0	0	1	0	0	0	0	0	0	0	0	0	0	0	0	0	0	0.000000	32.444313	0


0	blue_div6/12	5084	0	5084	0	5084	1792	1792	0	0	0	0	5351	0	0	0	0	1	0	0	0	0	0	0	0	0	0	0	0	0	0	0	0.000000	32.493250	0


0	blue_div6/13	3443	0	3443	0	3443	1794	1794	0	0	0	0	3706	0	0	0	0	1	0	0	0	0	0	0	0	0	0	0	0	0	0	0	0.000000	22.349187	0


0	blue_div6/14	3443	0	3443	0	3443	1794	1794	0	0	0	0	3706	0	0	0	0	1	0	0	0	0	0	0	0	0	0	0	0	0	0	0	0.000000	22.386125	0


0	blue_div6/15	5089	0	5089	0	5089	1796	1796	0	0	0	0	5350	0	0	0	0	1	0	0	0	0	0	0	0	0	0	0	0	0	0	0	0.000000	32.504625	0


0	blue_div6/16	3436	0	3436	0	3436	1786	1786	0	0	0	0	3704	0	0	0	0	1	0	0	0	0	0	0	0	0	0	0	0	0	0	0	0.000000	22.351875	0


0	blue_div6/17	5082	0	5082	0	5082	1787	1787	0	0	0	0	5348	0	0	0	0	1	0	0	0	0	0	0	0	0	0	0	0	0	0	0	0.000000	32.449062	0


0	blue_div6/18	5082	0	5082	0	5082	2607	2607	0	0	0	0	5366	0	0	0	0	1	0	0	0	0	0	0	0	0	0	0	0	0	0	0	0.000000	33.424188	0


0	blue_div6/2	5092	0	5092	0	5092	1793	1793	0	0	0	0	5362	0	0	0	0	1	0	0	0	0	0	0	0	0	0	0	0	0	0	0	0.000000	32.514625	0


0	blue_div6/3	5092	0	5092	0	5092	1792	1792	0	0	0	0	5361	0	0	0	0	1	0	0	0	0	0	0	0	0	0	0	0	0	0	0	0.000000	32.507562	0


0	blue_div6/4	1796	0	1796	0	1796	1791	1791	0	0	0	0	2069	0	0	0	0	1	0	0	0	0	0	0	0	0	0	0	0	0	0	0	0.000000	12.346687	0


0	blue_div6/5	3442	0	3442	0	3442	1794	1794	0	0	0	0	3714	0	0	0	0	1	0	0	0	0	0	0	0	0	0	0	0	0	0	0	0.000000	22.386813	0


0	blue_div6/6	3442	0	3442	0	3442	1794	1794	0	0	0	0	3714	0	0	0	0	1	0	0	0	0	0	0	0	0	0	0	0	0	0	0	0.000000	22.365625	0


0	blue_div6/7	1799	0	1799	0	1799	1796	1796	0	0	0	0	2067	0	0	0	0	1	0	0	0	0	0	0	0	0	0	0	0	0	0	0	0.000000	12.361688	0


0	blue_div6/8	3445	0	3445	0	3445	1792	1792	0	0	0	0	3711	0	0	0	0	1	0	0	0	0	0	0	0	0	0	0	0	0	0	0	0.000000	22.372062	0


0	blue_div6/9	3443	0	3443	0	3443	1792	1792	0	0	0	0	3708	0	0	0	0	1	0	0	0	0	0	0	0	0	0	0	0	0	0	0	0.000000	22.368625	0


0	blue_div7/1	1796	0	1796	0	1796	1793	1793	0	0	0	0	2071	0	0	0	0	1	0	0	0	0	0	0	0	0	0	0	0	0	0	0	0.000000	12.355250	0


0	blue_div7/10	3443	0	3443	0	3443	1795	1795	0	0	0	0	3708	0	0	0	0	1	0	0	0	0	0	0	0	0	0	0	0	0	0	0	0.000000	22.405313	0


0	blue_div7/11	3438	0	3438	0	3438	1790	1790	0	0	0	0	3707	0	0	0	0	1	0	0	0	0	0	0	0	0	0	0	0	0	0	0	0.000000	22.370875	0


0	blue_div7/12	3438	0	3438	0	3438	1792	1792	0	0	0	0	3707	0	0	0	0	1	0	0	0	0	0	0	0	0	0	0	0	0	0	0	0.000000	22.381125	0


0	blue_div7/13	3438	0	3438	0	3438	1790	1790	0	0	0	0	3706	0	0	0	0	1	0	0	0	0	0	0	0	0	0	0	0	0	0	0	0.000000	22.401688	0


0	blue_div7/14	3443	0	3443	0	3443	1793	1793	0	0	0	0	3706	0	0	0	0	1	0	0	0	0	0	0	0	0	0	0	0	0	0	0	0.000000	22.373000	0


0	blue_div7/15	3438	0	3438	0	3438	1792	1792	0	0	0	0	3706	0	0	0	0	1	0	0	0	0	0	0	0	0	0	0	0	0	0	0	0.000000	22.533687	0


0	blue_div7/16	3436	0	3436	0	3436	1786	1786	0	0	0	0	3704	0	0	0	0	1	0	0	0	0	0	0	0	0	0	0	0	0	0	0	0.000000	22.363563	0


0	blue_div7/17	3436	0	3436	0	3436	1788	1788	0	0	0	0	3704	0	0	0	0	1	0	0	0	0	0	0	0	0	0	0	0	0	0	0	0.000000	22.363875	0


0	blue_div7/18	1790	0	1790	0	1790	1790	1790	0	0	0	0	2059	0	0	0	0	1	0	0	0	0	0	0	0	0	0	0	0	0	0	0	0.000000	12.349000	0


0	blue_div7/2	3444	0	3444	0	3444	1793	1793	0	0	0	0	3716	0	0	0	0	1	0	0	0	0	0	0	0	0	0	0	0	0	0	0	0.000000	22.413563	0


0	blue_div7/3	3444	0	3444	0	3444	1792	1792	0	0	0	0	3715	0	0	0	0	1	0	0	0	0	0	0	0	0	0	0	0	0	0	0	0.000000	22.391250	0


0	blue_div7/4	5092	0	5092	0	5092	1796	1796	0	0	0	0	5361	0	0	0	0	1	0	0	0	0	0	0	0	0	0	0	0	0	0	0	0.000000	32.541688	0


0	blue_div7/5	3442	0	3442	0	3442	1794	1794	0	0	0	0	3714	0	0	0	0	1	0	0	0	0	0	0	0	0	0	0	0	0	0	0	0.000000	22.420500	0


0	blue_div7/6	3442	0	3442	0	3442	1794	1794	0	0	0	0	3714	0	0	0	0	1	0	0	0	0	0	0	0	0	0	0	0	0	0	0	0.000000	22.366813	0


0	blue_div7/7	5087	0	5087	0	5087	1791	1791	0	0	0	0	5357	0	0	0	0	1	0	0	0	0	0	0	0	0	0	0	0	0	0	0	0.000000	32.470188	0


0	blue_div7/8	3438	0	3438	0	3438	1787	1787	0	0	0	0	3709	0	0	0	0	1	0	0	0	0	0	0	0	0	0	0	0	0	0	0	0.000000	22.351375	0


0	blue_div7/9	3443	0	3443	0	3443	1791	1791	0	0	0	0	3708	0	0	0	0	1	0	0	0	0	0	0	0	0	0	0	0	0	0	0	0.000000	22.357437	0


0	distrib1	17	0	17	0	17	1	1	0	0	0	0	34	0	0	0	0	1	0	0	0	0	0	0	0	0	0	0	0	0	0	0	0.000000	0.341187	0


0	distrib10	16	0	16	0	16	1	1	0	0	0	0	32	0	0	0	0	1	0	0	0	0	0	0	0	0	0	0	0	0	0	0	0.000000	0.138813	0


0	distrib11	17	0	17	0	17	1	1	0	0	0	0	34	0	0	0	0	1	0	0	0	0	0	0	0	0	0	0	0	0	0	0	0.000000	0.235813	0


0	distrib12	17	0	17	0	17	1	1	0	0	0	0	34	0	0	0	0	1	0	0	0	0	0	0	0	0	0	0	0	0	0	0	0.000000	0.166437	0


0	distrib13	17	0	17	0	17	1	1	0	0	0	0	34	0	0	0	0	1	0	0	0	0	0	0	0	0	0	0	0	0	0	0	0.000000	0.241500	0


0	distrib14	16	0	16	0	16	1	1	0	0	0	0	32	0	0	0	0	1	0	0	0	0	0	0	0	0	0	0	0	0	0	0	0.000000	0.148438	0


0	distrib15	17	0	17	0	17	1	1	0	0	0	0	34	0	0	0	0	1	0	0	0	0	0	0	0	0	0	0	0	0	0	0	0.000000	0.286437	0


0	distrib16	16	0	16	0	16	1	1	0	0	0	0	32	0	0	0	0	1	0	0	0	0	0	0	0	0	0	0	0	0	0	0	0.000000	0.150188	0


0	distrib17	17	0	17	0	17	1	1	0	0	0	0	34	0	0	0	0	1	0	0	0	0	0	0	0	0	0	0	0	0	0	0	0.000000	0.241063	0


0	distrib18	17	0	17	0	17	1	1	0	0	0	0	34	0	0	0	0	1	0	0	0	0	0	0	0	0	0	0	0	0	0	0	0.000000	0.135563	0


0	distrib2	17	0	17	0	17	1	1	0	0	0	0	34	0	0	0	0	1	0	0	0	0	0	0	0	0	0	0	0	0	0	0	0.000000	0.269750	0


0	distrib3	16	0	16	0	16	1	1	0	0	0	0	32	0	0	0	0	1	0	0	0	0	0	0	0	0	0	0	0	0	0	0	0.000000	0.146125	0


0	distrib4	17	0	17	0	17	1	1	0	0	0	0	34	0	0	0	0	1	0	0	0	0	0	0	0	0	0	0	0	0	0	0	0.000000	0.167875	0


0	distrib5	17	0	17	0	17	1	1	0	0	0	0	34	0	0	0	0	1	0	0	0	0	0	0	0	0	0	0	0	0	0	0	0.000000	0.273438	0


0	distrib6	16	0	16	0	16	1	1	0	0	0	0	32	0	0	0	0	1	0	0	0	0	0	0	0	0	0	0	0	0	0	0	0.000000	0.202125	0


0	distrib7	17	0	17	0	17	1	1	0	0	0	0	34	0	0	0	0	1	0	0	0	0	0	0	0	0	0	0	0	0	0	0	0.000000	0.284938	0


0	distrib8	17	0	17	0	17	1	1	0	0	0	0	34	0	0	0	0	1	0	0	0	0	0	0	0	0	0	0	0	0	0	0	0.000000	0.153625	0


0	distrib9	17	0	17	0	17	1	1	0	0	0	0	34	0	0	0	0	1	0	0	0	0	0	0	0	0	0	0	0	0	0	0	0.000000	0.303313	0


0	red_corps1	2174	0	2174	0	2174	910	910	0	0	0	0	798	0	0	0	0	1	0	0	0	0	0	0	0	0	0	0	0	0	0	0	0.000000	3.255313	0


0	red_corps10	2782	0	2782	0	2782	1321	1321	0	0	0	0	919	0	0	0	0	1	0	0	0	0	0	0	0	0	0	0	0	0	0	0	0.000000	4.962750	0


0	red_corps11	2069	0	2069	0	2069	849	849	0	0	0	0	717	0	0	0	0	1	0	0	0	0	0	0	0	0	0	0	0	0	0	0	0.000000	3.240813	0


0	red_corps12	2821	0	2821	0	2821	1098	1098	0	0	0	0	921	0	0	0	0	1	0	0	0	0	0	0	0	0	0	0	0	0	0	0	0.000000	5.211688	0


0	red_corps13	2612	0	2612	0	2612	1290	1290	0	0	0	0	853	0	0	0	0	1	0	0	0	0	0	0	0	0	0	0	0	0	0	0	0.000000	4.539500	0


0	red_corps14	2773	0	2773	0	2773	1322	1322	0	0	0	0	919	0	0	0	0	1	0	0	0	0	0	0	0	0	0	0	0	0	0	0	0.000000	5.030062	0


0	red_corps15	2671	0	2671	0	2671	1296	1296	0	0	0	0	853	0	0	0	0	1	0	0	0	0	0	0	0	0	0	0	0	0	0	0	0.000000	4.786688	0


0	red_corps16	2819	0	2819	0	2819	1116	1116	0	0	0	0	906	0	0	0	0	1	0	0	0	0	0	0	0	0	0	0	0	0	0	0	0.000000	5.312750	0


0	red_corps17	2054	0	2054	0	2054	861	861	0	0	0	0	707	0	0	0	0	1	0	0	0	0	0	0	0	0	0	0	0	0	0	0	0.000000	3.210875	0


0	red_corps18	2010	0	2010	0	2010	1155	1155	0	0	0	0	776	0	0	0	0	1	0	0	0	0	0	0	0	0	0	0	0	0	0	0	0.000000	3.331500	0


0	red_corps2	2094	0	2094	0	2094	848	848	0	0	0	0	727	0	0	0	0	1	0	0	0	0	0	0	0	0	0	0	0	0	0	0	0.000000	3.177313	0


0	red_corps3	2088	0	2088	0	2088	635	635	0	0	0	0	725	0	0	0	0	1	0	0	0	0	0	0	0	0	0	0	0	0	0	0	0.000000	3.178500	0


0	red_corps4	3205	0	3205	0	3205	1115	1115	0	0	0	0	1005	0	0	0	0	1	0	0	0	0	0	0	0	0	0	0	0	0	0	0	0.000000	6.134437	0


0	red_corps5	2840	0	2840	0	2840	1093	1093	0	0	0	0	921	0	0	0	0	1	0	0	0	0	0	0	0	0	0	0	0	0	0	0	0.000000	5.440500	0


0	red_corps6	2852	0	2852	0	2852	1099	1099	0	0	0	0	919	0	0	0	0	1	0	0	0	0	0	0	0	0	0	0	0	0	0	0	0.000000	5.172875	0


0	red_corps7	2970	0	2970	0	2970	1270	1270	0	0	0	0	923	0	0	0	0	1	0	0	0	0	0	0	0	0	0	0	0	0	0	0	0.000000	4.844812	0


0	red_corps8	2625	0	2625	0	2625	1272	1272	0	0	0	0	853	0	0	0	0	1	0	0	0	0	0	0	0	0	0	0	0	0	0	0	0.000000	4.540188	0


0	red_corps9	2782	0	2782	0	2782	1320	1320	0	0	0	0	921	0	0	0	0	1	0	0	0	0	0	0	0	0	0	0	0	0	0	0	0.000000	5.163563	0


0	red_div1/1	3	0	3	0	3	3	3	0	0	0	0	1	0	0	0	0	1	0	0	0	0	0	0	0	0	0	0	0	0	0	0	0.000000	0.005625	0


0	red_div1/10	3	0	3	0	3	3	3	0	0	0	0	1	0	0	0	0	1	0	0	0	0	0	0	0	0	0	0	0	0	0	0	0.000000	0.128000	0


0	red_div1/11	4	0	4	0	4	3	3	0	0	0	0	1	0	0	0	0	1	0	0	0	0	0	0	0	0	0	0	0	0	0	0	0.000000	0.122562	0


0	red_div1/12	4	0	4	0	4	3	3	0	0	0	0	1	0	0	0	0	1	0	0	0	0	0	0	0	0	0	0	0	0	0	0	0.000000	0.282062	0


0	red_div1/13	4	0	4	0	4	3	3	0	0	0	0	1	0	0	0	0	1	0	0	0	0	0	0	0	0	0	0	0	0	0	0	0.000000	0.142875	0


0	red_div1/14	3	0	3	0	3	3	3	0	0	0	0	1	0	0	0	0	1	0	0	0	0	0	0	0	0	0	0	0	0	0	0	0.000000	0.131438	0


0	red_div1/15	4	0	4	0	4	3	3	0	0	0	0	1	0	0	0	0	1	0	0	0	0	0	0	0	0	0	0	0	0	0	0	0.000000	0.274875	0


0	red_div1/16	3	0	3	0	3	3	3	0	0	0	0	1	0	0	0	0	1	0	0	0	0	0	0	0	0	0	0	0	0	0	0	0.000000	0.084000	0


0	red_div1/17	4	0	4	0	4	3	3	0	0	0	0	1	0	0	0	0	1	0	0	0	0	0	0	0	0	0	0	0	0	0	0	0.000000	0.094437	0


0	red_div1/18	3	0	3	0	3	3	3	0	0	0	0	1	0	0	0	0	1	0	0	0	0	0	0	0	0	0	0	0	0	0	0	0.000000	0.272000	0


0	red_div1/2	4	0	4	0	4	3	3	0	0	0	0	1	0	0	0	0	1	0	0	0	0	0	0	0	0	0	0	0	0	0	0	0.000000	0.078063	0


0	red_div1/3	3	0	3	0	3	3	3	0	0	0	0	1	0	0	0	0	1	0	0	0	0	0	0	0	0	0	0	0	0	0	0	0.000000	0.100062	0


0	red_div1/4	3	0	3	0	3	3	3	0	0	0	0	1	0	0	0	0	1	0	0	0	0	0	0	0	0	0	0	0	0	0	0	0.000000	0.258875	0


0	red_div1/5	4	0	4	0	4	3	3	0	0	0	0	1	0	0	0	0	1	0	0	0	0	0	0	0	0	0	0	0	0	0	0	0.000000	0.054250	0


0	red_div1/6	3	0	3	0	3	3	3	0	0	0	0	1	0	0	0	0	1	0	0	0	0	0	0	0	0	0	0	0	0	0	0	0.000000	0.118688	0


0	red_div1/7	3	0	3	0	3	3	3	0	0	0	0	1	0	0	0	0	1	0	0	0	0	0	0	0	0	0	0	0	0	0	0	0.000000	0.227312	0


0	red_div1/8	4	0	4	0	4	3	3	0	0	0	0	1	0	0	0	0	1	0	0	0	0	0	0	0	0	0	0	0	0	0	0	0.000000	0.067937	0


0	red_div1/9	4	0	4	0	4	3	3	0	0	0	0	1	0	0	0	0	1	0	0	0	0	0	0	0	0	0	0	0	0	0	0	0.000000	0.123313	0


0	red_div10/1	96	0	96	0	96	92	92	0	0	0	0	91	0	0	0	0	1	0	0	0	0	0	0	0	0	0	0	0	0	0	0	0.000000	0.306312	0


0	red_div10/10	0	0	0	0	0	0	0	0	0	0	0	0	0	0	0	0	1	0	0	0	0	0	0	0	0	0	0	0	0	0	0	0.000000	0.000000	0


0	red_div10/11	88	0	88	0	88	88	88	0	0	0	0	90	0	0	0	0	1	0	0	0	0	0	0	0	0	0	0	0	0	0	0	0.000000	0.205938	0


0	red_div10/12	1797	0	1797	0	1797	1796	1796	0	0	0	0	2063	0	0	0	0	1	0	0	0	0	0	0	0	0	0	0	0	0	0	0	0.000000	9.492000	0


0	red_div10/13	1797	0	1797	0	1797	1794	1794	0	0	0	0	2062	0	0	0	0	1	0	0	0	0	0	0	0	0	0	0	0	0	0	0	0.000000	9.496813	0


0	red_div10/14	0	0	0	0	0	0	0	0	0	0	0	0	0	0	0	0	1	0	0	0	0	0	0	0	0	0	0	0	0	0	0	0.000000	0.000000	0


0	red_div10/15	1797	0	1797	0	1797	1796	1796	0	0	0	0	2062	0	0	0	0	1	0	0	0	0	0	0	0	0	0	0	0	0	0	0	0.000000	9.531750	0


0	red_div10/16	0	0	0	0	0	0	0	0	0	0	0	0	0	0	0	0	1	0	0	0	0	0	0	0	0	0	0	0	0	0	0	0.000000	0.000000	0


0	red_div10/17	87	0	87	0	87	87	87	0	0	0	0	89	0	0	0	0	1	0	0	0	0	0	0	0	0	0	0	0	0	0	0	0.000000	0.196937	0


0	red_div10/18	94	0	94	0	94	90	90	0	0	0	0	89	0	0	0	0	1	0	0	0	0	0	0	0	0	0	0	0	0	0	0	0.000000	0.297312	0


0	red_div10/2	89	0	89	0	89	89	89	0	0	0	0	91	0	0	0	0	1	0	0	0	0	0	0	0	0	0	0	0	0	0	0	0.000000	0.293938	0


0	red_div10/3	0	0	0	0	0	0	0	0	0	0	0	0	0	0	0	0	1	0	0	0	0	0	0	0	0	0	0	0	0	0	0	0.000000	0.000000	0


0	red_div10/4	1806	0	1806	0	1806	1797	1797	0	0	0	0	2069	0	0	0	0	1	0	0	0	0	0	0	0	0	0	0	0	0	0	0	0.000000	9.491563	0


0	red_div10/5	1799	0	1799	0	1799	1798	1798	0	0	0	0	2068	0	0	0	0	1	0	0	0	0	0	0	0	0	0	0	0	0	0	0	0.000000	9.499500	0


0	red_div10/6	0	0	0	0	0	0	0	0	0	0	0	0	0	0	0	0	1	0	0	0	0	0	0	0	0	0	0	0	0	0	0	0.000000	0.000000	0


0	red_div10/7	1803	0	1803	0	1803	1796	1796	0	0	0	0	2066	0	0	0	0	1	0	0	0	0	0	0	0	0	0	0	0	0	0	0	0.000000	9.509875	0


0	red_div10/8	1797	0	1797	0	1797	1791	1791	0	0	0	0	2065	0	0	0	0	1	0	0	0	0	0	0	0	0	0	0	0	0	0	0	0.000000	9.491875	0


0	red_div10/9	3443	0	3443	0	3443	2618	2618	0	0	0	0	3724	0	0	0	0	1	0	0	0	0	0	0	0	0	0	0	0	0	0	0	0.000000	17.428875	0


0	red_div2/1	3	0	3	0	3	3	3	0	0	0	0	1	0	0	0	0	1	0	0	0	0	0	0	0	0	0	0	0	0	0	0	0.000000	0.125125	0


0	red_div2/10	3	0	3	0	3	3	3	0	0	0	0	1	0	0	0	0	1	0	0	0	0	0	0	0	0	0	0	0	0	0	0	0.000000	0.113312	0


0	red_div2/11	4	0	4	0	4	3	3	0	0	0	0	1	0	0	0	0	1	0	0	0	0	0	0	0	0	0	0	0	0	0	0	0.000000	0.005500	0


0	red_div2/12	4	0	4	0	4	3	3	0	0	0	0	1	0	0	0	0	1	0	0	0	0	0	0	0	0	0	0	0	0	0	0	0.000000	0.006563	0


0	red_div2/13	4	0	4	0	4	3	3	0	0	0	0	1	0	0	0	0	1	0	0	0	0	0	0	0	0	0	0	0	0	0	0	0.000000	0.119063	0


0	red_div2/14	3	0	3	0	3	3	3	0	0	0	0	1	0	0	0	0	1	0	0	0	0	0	0	0	0	0	0	0	0	0	0	0.000000	0.005250	0


0	red_div2/15	4	0	4	0	4	3	3	0	0	0	0	1	0	0	0	0	1	0	0	0	0	0	0	0	0	0	0	0	0	0	0	0.000000	0.005812	0


0	red_div2/16	3	0	3	0	3	3	3	0	0	0	0	1	0	0	0	0	1	0	0	0	0	0	0	0	0	0	0	0	0	0	0	0.000000	0.170187	0


0	red_div2/17	4	0	4	0	4	3	3	0	0	0	0	1	0	0	0	0	1	0	0	0	0	0	0	0	0	0	0	0	0	0	0	0.000000	0.005562	0


0	red_div2/18	3	0	3	0	3	3	3	0	0	0	0	1	0	0	0	0	1	0	0	0	0	0	0	0	0	0	0	0	0	0	0	0.000000	0.005250	0


0	red_div2/2	4	0	4	0	4	3	3	0	0	0	0	1	0	0	0	0	1	0	0	0	0	0	0	0	0	0	0	0	0	0	0	0.000000	0.090313	0


0	red_div2/3	3	0	3	0	3	3	3	0	0	0	0	1	0	0	0	0	1	0	0	0	0	0	0	0	0	0	0	0	0	0	0	0.000000	0.005250	0


0	red_div2/4	3	0	3	0	3	3	3	0	0	0	0	1	0	0	0	0	1	0	0	0	0	0	0	0	0	0	0	0	0	0	0	0.000000	0.005250	0


0	red_div2/5	4	0	4	0	4	3	3	0	0	0	0	1	0	0	0	0	1	0	0	0	0	0	0	0	0	0	0	0	0	0	0	0.000000	0.121000	0


0	red_div2/6	3	0	3	0	3	3	3	0	0	0	0	1	0	0	0	0	1	0	0	0	0	0	0	0	0	0	0	0	0	0	0	0.000000	0.005375	0


0	red_div2/7	3	0	3	0	3	3	3	0	0	0	0	1	0	0	0	0	1	0	0	0	0	0	0	0	0	0	0	0	0	0	0	0.000000	0.005625	0


0	red_div2/8	4	0	4	0	4	3	3	0	0	0	0	1	0	0	0	0	1	0	0	0	0	0	0	0	0	0	0	0	0	0	0	0.000000	0.106313	0


0	red_div2/9	4	0	4	0	4	3	3	0	0	0	0	1	0	0	0	0	1	0	0	0	0	0	0	0	0	0	0	0	0	0	0	0.000000	0.005812	0


0	red_div3/1	1811	0	1811	0	1811	1801	1801	0	0	0	0	2071	0	0	0	0	1	0	0	0	0	0	0	0	0	0	0	0	0	0	0	0.000000	9.415812	0


0	red_div3/10	3450	0	3450	0	3450	1801	1801	0	0	0	0	3710	0	0	0	0	1	0	0	0	0	0	0	0	0	0	0	0	0	0	0	0.000000	16.484125	0


0	red_div3/11	4	0	4	0	4	3	3	0	0	0	0	1	0	0	0	0	1	0	0	0	0	0	0	0	0	0	0	0	0	0	0	0.000000	0.091750	0


0	red_div3/12	4	0	4	0	4	3	3	0	0	0	0	1	0	0	0	0	1	0	0	0	0	0	0	0	0	0	0	0	0	0	0	0.000000	0.005562	0


0	red_div3/13	4	0	4	0	4	3	3	0	0	0	0	1	0	0	0	0	1	0	0	0	0	0	0	0	0	0	0	0	0	0	0	0.000000	0.005562	0


0	red_div3/14	3448	0	3448	0	3448	1798	1798	0	0	0	0	3706	0	0	0	0	1	0	0	0	0	0	0	0	0	0	0	0	0	0	0	0.000000	16.617812	0


0	red_div3/15	4	0	4	0	4	3	3	0	0	0	0	1	0	0	0	0	1	0	0	0	0	0	0	0	0	0	0	0	0	0	0	0.000000	0.005562	0


0	red_div3/16	4269	0	4269	0	4269	2616	2616	0	0	0	0	4543	0	0	0	0	1	0	0	0	0	0	0	0	0	0	0	0	0	0	0	0.000000	20.911125	0


0	red_div3/17	4	0	4	0	4	3	3	0	0	0	0	1	0	0	0	0	1	0	0	0	0	0	0	0	0	0	0	0	0	0	0	0.000000	0.109625	0


0	red_div3/18	1805	0	1805	0	1805	1798	1798	0	0	0	0	2059	0	0	0	0	1	0	0	0	0	0	0	0	0	0	0	0	0	0	0	0.000000	9.408625	0


0	red_div3/2	4	0	4	0	4	3	3	0	0	0	0	1	0	0	0	0	1	0	0	0	0	0	0	0	0	0	0	0	0	0	0	0.000000	0.005812	0


0	red_div3/3	1806	0	1806	0	1806	1803	1803	0	0	0	0	2069	0	0	0	0	1	0	0	0	0	0	0	0	0	0	0	0	0	0	0	0.000000	9.535562	0


0	red_div3/4	4284	0	4284	0	4284	2623	2623	0	0	0	0	4552	0	0	0	0	1	0	0	0	0	0	0	0	0	0	0	0	0	0	0	0.000000	20.936812	0


0	red_div3/5	4	0	4	0	4	3	3	0	0	0	0	1	0	0	0	0	1	0	0	0	0	0	0	0	0	0	0	0	0	0	0	0.000000	0.005625	0


0	red_div3/6	4277	0	4277	0	4277	2626	2626	0	0	0	0	4550	0	0	0	0	1	0	0	0	0	0	0	0	0	0	0	0	0	0	0	0.000000	21.030500	0


0	red_div3/7	1809	0	1809	0	1809	1799	1799	0	0	0	0	2068	0	0	0	0	1	0	0	0	0	0	0	0	0	0	0	0	0	0	0	0.000000	9.400313	0


0	red_div3/8	4	0	4	0	4	3	3	0	0	0	0	1	0	0	0	0	1	0	0	0	0	0	0	0	0	0	0	0	0	0	0	0.000000	0.005562	0


0	red_div3/9	4	0	4	0	4	3	3	0	0	0	0	1	0	0	0	0	1	0	0	0	0	0	0	0	0	0	0	0	0	0	0	0.000000	0.005562	0


0	red_div4/1	1811	0	1811	0	1811	1801	1801	0	0	0	0	2071	0	0	0	0	1	0	0	0	0	0	0	0	0	0	0	0	0	0	0	0.000000	9.486313	0


0	red_div4/10	3450	0	3450	0	3450	1801	1801	0	0	0	0	3710	0	0	0	0	1	0	0	0	0	0	0	0	0	0	0	0	0	0	0	0.000000	16.464437	0


0	red_div4/11	1802	0	1802	0	1802	1794	1794	0	0	0	0	2063	0	0	0	0	1	0	0	0	0	0	0	0	0	0	0	0	0	0	0	0.000000	9.402688	0


0	red_div4/12	4266	0	4266	0	4266	2619	2619	0	0	0	0	4545	0	0	0	0	1	0	0	0	0	0	0	0	0	0	0	0	0	0	0	0.000000	21.040312	0


0	red_div4/13	1802	0	1802	0	1802	1795	1795	0	0	0	0	2062	0	0	0	0	1	0	0	0	0	0	0	0	0	0	0	0	0	0	0	0.000000	9.374438	0


0	red_div4/14	3448	0	3448	0	3448	1798	1798	0	0	0	0	3706	0	0	0	0	1	0	0	0	0	0	0	0	0	0	0	0	0	0	0	0.000000	16.444125	0


0	red_div4/15	1797	0	1797	0	1797	1797	1797	0	0	0	0	2062	0	0	0	0	1	0	0	0	0	0	0	0	0	0	0	0	0	0	0	0.000000	9.531562	0


0	red_div4/16	4269	0	4269	0	4269	2616	2616	0	0	0	0	4543	0	0	0	0	1	0	0	0	0	0	0	0	0	0	0	0	0	0	0	0.000000	20.897813	0


0	red_div4/17	1800	0	1800	0	1800	1792	1792	0	0	0	0	2060	0	0	0	0	1	0	0	0	0	0	0	0	0	0	0	0	0	0	0	0.000000	9.379125	0


0	red_div4/18	1805	0	1805	0	1805	1798	1798	0	0	0	0	2059	0	0	0	0	1	0	0	0	0	0	0	0	0	0	0	0	0	0	0	0.000000	9.502750	0


0	red_div4/2	1806	0	1806	0	1806	1797	1797	0	0	0	0	2070	0	0	0	0	1	0	0	0	0	0	0	0	0	0	0	0	0	0	0	0.000000	9.405688	0


0	red_div4/3	1806	0	1806	0	1806	1803	1803	0	0	0	0	2069	0	0	0	0	1	0	0	0	0	0	0	0	0	0	0	0	0	0	0	0.000000	9.387562	0


0	red_div4/4	4284	0	4284	0	4284	2623	2623	0	0	0	0	4552	0	0	0	0	1	0	0	0	0	0	0	0	0	0	0	0	0	0	0	0.000000	20.990938	0


0	red_div4/5	4277	0	4277	0	4277	2620	2620	0	0	0	0	4551	0	0	0	0	1	0	0	0	0	0	0	0	0	0	0	0	0	0	0	0.000000	20.943188	0


0	red_div4/6	4277	0	4277	0	4277	2626	2626	0	0	0	0	4550	0	0	0	0	1	0	0	0	0	0	0	0	0	0	0	0	0	0	0	0.000000	20.937000	0


0	red_div4/7	1809	0	1809	0	1809	1799	1799	0	0	0	0	2068	0	0	0	0	1	0	0	0	0	0	0	0	0	0	0	0	0	0	0	0.000000	9.503063	0


0	red_div4/8	1804	0	1804	0	1804	1794	1794	0	0	0	0	2067	0	0	0	0	1	0	0	0	0	0	0	0	0	0	0	0	0	0	0	0.000000	9.383500	0


0	red_div4/9	3447	0	3447	0	3447	1799	1799	0	0	0	0	3713	0	0	0	0	1	0	0	0	0	0	0	0	0	0	0	0	0	0	0	0.000000	16.692000	0


0	red_div5/1	1811	0	1811	0	1811	1799	1799	0	0	0	0	2071	0	0	0	0	1	0	0	0	0	0	0	0	0	0	0	0	0	0	0	0.000000	9.402437	0


0	red_div5/10	1808	0	1808	0	1808	974	974	0	0	0	0	2006	0	0	0	0	1	0	0	0	0	0	0	0	0	0	0	0	0	0	0	0.000000	8.641562	0


0	red_div5/11	1802	0	1802	0	1802	1796	1796	0	0	0	0	2063	0	0	0	0	1	0	0	0	0	0	0	0	0	0	0	0	0	0	0	0.000000	9.389062	0


0	red_div5/12	3449	0	3449	0	3449	1796	1796	0	0	0	0	3711	0	0	0	0	1	0	0	0	0	0	0	0	0	0	0	0	0	0	0	0.000000	16.601563	0


0	red_div5/13	982	0	982	0	982	978	978	0	0	0	0	1183	0	0	0	0	1	0	0	0	0	0	0	0	0	0	0	0	0	0	0	0.000000	5.348125	0


0	red_div5/14	1808	0	1808	0	1808	973	973	0	0	0	0	2007	0	0	0	0	1	0	0	0	0	0	0	0	0	0	0	0	0	0	0	0.000000	8.498062	0


0	red_div5/15	977	0	977	0	977	974	974	0	0	0	0	1183	0	0	0	0	1	0	0	0	0	0	0	0	0	0	0	0	0	0	0	0.000000	4.962500	0


0	red_div5/16	3452	0	3452	0	3452	1790	1790	0	0	0	0	3708	0	0	0	0	1	0	0	0	0	0	0	0	0	0	0	0	0	0	0	0.000000	16.756375	0


0	red_div5/17	1800	0	1800	0	1800	1793	1793	0	0	0	0	2060	0	0	0	0	1	0	0	0	0	0	0	0	0	0	0	0	0	0	0	0.000000	9.377688	0


0	red_div5/18	985	0	985	0	985	976	976	0	0	0	0	1183	0	0	0	0	1	0	0	0	0	0	0	0	0	0	0	0	0	0	0	0.000000	4.964812	0


0	red_div5/2	1806	0	1806	0	1806	1799	1799	0	0	0	0	2070	0	0	0	0	1	0	0	0	0	0	0	0	0	0	0	0	0	0	0	0.000000	9.590875	0


0	red_div5/3	1806	0	1806	0	1806	1795	1795	0	0	0	0	2069	0	0	0	0	1	0	0	0	0	0	0	0	0	0	0	0	0	0	0	0.000000	9.399375	0


0	red_div5/4	3463	0	3463	0	3463	1798	1798	0	0	0	0	3719	0	0	0	0	1	0	0	0	0	0	0	0	0	0	0	0	0	0	0	0.000000	16.619812	0


0	red_div5/5	3456	0	3456	0	3456	1801	1801	0	0	0	0	3718	0	0	0	0	1	0	0	0	0	0	0	0	0	0	0	0	0	0	0	0.000000	16.734625	0


0	red_div5/6	3456	0	3456	0	3456	1798	1798	0	0	0	0	3718	0	0	0	0	1	0	0	0	0	0	0	0	0	0	0	0	0	0	0	0.000000	16.641938	0


0	red_div5/7	988	0	988	0	988	978	978	0	0	0	0	1184	0	0	0	0	1	0	0	0	0	0	0	0	0	0	0	0	0	0	0	0.000000	4.982000	0


0	red_div5/8	983	0	983	0	983	978	978	0	0	0	0	1184	0	0	0	0	1	0	0	0	0	0	0	0	0	0	0	0	0	0	0	0.000000	5.046000	0


0	red_div5/9	1803	0	1803	0	1803	972	972	0	0	0	0	2006	0	0	0	0	1	0	0	0	0	0	0	0	0	0	0	0	0	0	0	0.000000	8.500562	0


0	red_div6/1	1811	0	1811	0	1811	1799	1799	0	0	0	0	2071	0	0	0	0	1	0	0	0	0	0	0	0	0	0	0	0	0	0	0	0.000000	9.380500	0


0	red_div6/10	1797	0	1797	0	1797	1796	1796	0	0	0	0	2064	0	0	0	0	1	0	0	0	0	0	0	0	0	0	0	0	0	0	0	0.000000	9.367938	0


0	red_div6/11	1802	0	1802	0	1802	1796	1796	0	0	0	0	2063	0	0	0	0	1	0	0	0	0	0	0	0	0	0	0	0	0	0	0	0.000000	9.445688	0


0	red_div6/12	1802	0	1802	0	1802	1796	1796	0	0	0	0	2063	0	0	0	0	1	0	0	0	0	0	0	0	0	0	0	0	0	0	0	0.000000	9.390187	0


0	red_div6/13	982	0	982	0	982	978	978	0	0	0	0	1183	0	0	0	0	1	0	0	0	0	0	0	0	0	0	0	0	0	0	0	0.000000	4.959000	0


0	red_div6/14	1797	0	1797	0	1797	1794	1794	0	0	0	0	2062	0	0	0	0	1	0	0	0	0	0	0	0	0	0	0	0	0	0	0	0.000000	9.548937	0


0	red_div6/15	3448	0	3448	0	3448	1796	1796	0	0	0	0	3706	0	0	0	0	1	0	0	0	0	0	0	0	0	0	0	0	0	0	0	0.000000	16.468750	0


0	red_div6/16	1795	0	1795	0	1795	1790	1790	0	0	0	0	2060	0	0	0	0	1	0	0	0	0	0	0	0	0	0	0	0	0	0	0	0.000000	9.361812	0


0	red_div6/17	1800	0	1800	0	1800	1793	1793	0	0	0	0	2060	0	0	0	0	1	0	0	0	0	0	0	0	0	0	0	0	0	0	0	0.000000	9.532438	0


0	red_div6/18	985	0	985	0	985	976	976	0	0	0	0	1183	0	0	0	0	1	0	0	0	0	0	0	0	0	0	0	0	0	0	0	0.000000	4.962562	0


0	red_div6/2	1806	0	1806	0	1806	1799	1799	0	0	0	0	2070	0	0	0	0	1	0	0	0	0	0	0	0	0	0	0	0	0	0	0	0.000000	9.403813	0


0	red_div6/3	1801	0	1801	0	1801	1796	1796	0	0	0	0	2069	0	0	0	0	1	0	0	0	0	0	0	0	0	0	0	0	0	0	0	0.000000	9.517188	0


0	red_div6/4	3463	0	3463	0	3463	1798	1798	0	0	0	0	3719	0	0	0	0	1	0	0	0	0	0	0	0	0	0	0	0	0	0	0	0.000000	16.599750	0


0	red_div6/5	3456	0	3456	0	3456	1801	1801	0	0	0	0	3718	0	0	0	0	1	0	0	0	0	0	0	0	0	0	0	0	0	0	0	0.000000	16.608062	0


0	red_div6/6	1799	0	1799	0	1799	1798	1798	0	0	0	0	2068	0	0	0	0	1	0	0	0	0	0	0	0	0	0	0	0	0	0	0	0.000000	9.478125	0


0	red_div6/7	988	0	988	0	988	978	978	0	0	0	0	1184	0	0	0	0	1	0	0	0	0	0	0	0	0	0	0	0	0	0	0	0.000000	4.972875	0


0	red_div6/8	983	0	983	0	983	978	978	0	0	0	0	1184	0	0	0	0	1	0	0	0	0	0	0	0	0	0	0	0	0	0	0	0.000000	4.961188	0


0	red_div6/9	1802	0	1802	0	1802	1792	1792	0	0	0	0	2064	0	0	0	0	1	0	0	0	0	0	0	0	0	0	0	0	0	0	0	0.000000	9.380625	0


0	red_div7/1	1796	0	1796	0	1796	1793	1793	0	0	0	0	2071	0	0	0	0	1	0	0	0	0	0	0	0	0	0	0	0	0	0	0	0.000000	9.384562	0


0	red_div7/10	1797	0	1797	0	1797	1796	1796	0	0	0	0	2064	0	0	0	0	1	0	0	0	0	0	0	0	0	0	0	0	0	0	0	0.000000	9.397750	0


0	red_div7/11	1797	0	1797	0	1797	1794	1794	0	0	0	0	2063	0	0	0	0	1	0	0	0	0	0	0	0	0	0	0	0	0	0	0	0.000000	9.383437	0


0	red_div7/12	1802	0	1802	0	1802	1798	1798	0	0	0	0	2063	0	0	0	0	1	0	0	0	0	0	0	0	0	0	0	0	0	0	0	0.000000	9.399875	0


0	red_div7/13	3443	0	3443	0	3443	1794	1794	0	0	0	0	3706	0	0	0	0	1	0	0	0	0	0	0	0	0	0	0	0	0	0	0	0.000000	16.456063	0


0	red_div7/14	1797	0	1797	0	1797	1794	1794	0	0	0	0	2062	0	0	0	0	1	0	0	0	0	0	0	0	0	0	0	0	0	0	0	0.000000	9.410250	0


0	red_div7/15	3448	0	3448	0	3448	1798	1798	0	0	0	0	3706	0	0	0	0	1	0	0	0	0	0	0	0	0	0	0	0	0	0	0	0.000000	16.449562	0


0	red_div7/16	1795	0	1795	0	1795	1790	1790	0	0	0	0	2060	0	0	0	0	1	0	0	0	0	0	0	0	0	0	0	0	0	0	0	0.000000	9.369250	0


0	red_div7/17	1795	0	1795	0	1795	1792	1792	0	0	0	0	2060	0	0	0	0	1	0	0	0	0	0	0	0	0	0	0	0	0	0	0	0.000000	9.381438	0


0	red_div7/18	1790	0	1790	0	1790	1790	1790	0	0	0	0	2059	0	0	0	0	1	0	0	0	0	0	0	0	0	0	0	0	0	0	0	0.000000	9.383437	0


0	red_div7/2	1801	0	1801	0	1801	1797	1797	0	0	0	0	2070	0	0	0	0	1	0	0	0	0	0	0	0	0	0	0	0	0	0	0	0.000000	9.392812	0


0	red_div7/3	1801	0	1801	0	1801	1796	1796	0	0	0	0	2069	0	0	0	0	1	0	0	0	0	0	0	0	0	0	0	0	0	0	0	0.000000	9.397875	0


0	red_div7/4	1796	0	1796	0	1796	1791	1791	0	0	0	0	2069	0	0	0	0	1	0	0	0	0	0	0	0	0	0	0	0	0	0	0	0.000000	9.400063	0


0	red_div7/5	1799	0	1799	0	1799	1798	1798	0	0	0	0	2068	0	0	0	0	1	0	0	0	0	0	0	0	0	0	0	0	0	0	0	0.000000	9.402750	0


0	red_div7/6	1799	0	1799	0	1799	1798	1798	0	0	0	0	2068	0	0	0	0	1	0	0	0	0	0	0	0	0	0	0	0	0	0	0	0.000000	9.383688	0


0	red_div7/7	3442	0	3442	0	3442	1791	1791	0	0	0	0	3713	0	0	0	0	1	0	0	0	0	0	0	0	0	0	0	0	0	0	0	0.000000	16.453875	0


0	red_div7/8	3445	0	3445	0	3445	1792	1792	0	0	0	0	3711	0	0	0	0	1	0	0	0	0	0	0	0	0	0	0	0	0	0	0	0.000000	16.438000	0


0	red_div7/9	1802	0	1802	0	1802	1798	1798	0	0	0	0	2064	0	0	0	0	1	0	0	0	0	0	0	0	0	0	0	0	0	0	0	0.000000	9.393688	0


0	red_div8/1	96	0	96	0	96	89	89	0	0	0	0	91	0	0	0	0	1	0	0	0	0	0	0	0	0	0	0	0	0	0	0	0.000000	0.204688	0


0	red_div8/10	3443	0	3443	0	3443	2621	2621	0	0	0	0	3725	0	0	0	0	1	0	0	0	0	0	0	0	0	0	0	0	0	0	0	0.000000	17.412625	0


0	red_div8/11	1797	0	1797	0	1797	1794	1794	0	0	0	0	2063	0	0	0	0	1	0	0	0	0	0	0	0	0	0	0	0	0	0	0	0.000000	9.384750	0


0	red_div8/12	1802	0	1802	0	1802	1798	1798	0	0	0	0	2063	0	0	0	0	1	0	0	0	0	0	0	0	0	0	0	0	0	0	0	0.000000	9.499750	0


0	red_div8/13	3443	0	3443	0	3443	1794	1794	0	0	0	0	3706	0	0	0	0	1	0	0	0	0	0	0	0	0	0	0	0	0	0	0	0.000000	16.451438	0


0	red_div8/14	3443	0	3443	0	3443	2619	2619	0	0	0	0	3724	0	0	0	0	1	0	0	0	0	0	0	0	0	0	0	0	0	0	0	0.000000	17.345562	0


0	red_div8/15	3448	0	3448	0	3448	1798	1798	0	0	0	0	3706	0	0	0	0	1	0	0	0	0	0	0	0	0	0	0	0	0	0	0	0.000000	16.425125	0


0	red_div8/16	1795	0	1795	0	1795	1790	1790	0	0	0	0	2060	0	0	0	0	1	0	0	0	0	0	0	0	0	0	0	0	0	0	0	0.000000	9.528313	0


0	red_div8/17	1795	0	1795	0	1795	1792	1792	0	0	0	0	2060	0	0	0	0	1	0	0	0	0	0	0	0	0	0	0	0	0	0	0	0.000000	9.374750	0


0	red_div8/18	94	0	94	0	94	87	87	0	0	0	0	89	0	0	0	0	1	0	0	0	0	0	0	0	0	0	0	0	0	0	0	0.000000	0.199063	0


0	red_div8/2	1801	0	1801	0	1801	1797	1797	0	0	0	0	2070	0	0	0	0	1	0	0	0	0	0	0	0	0	0	0	0	0	0	0	0.000000	9.405688	0


0	red_div8/3	89	0	89	0	89	89	89	0	0	0	0	91	0	0	0	0	1	0	0	0	0	0	0	0	0	0	0	0	0	0	0	0.000000	0.201812	0


0	red_div8/4	1806	0	1806	0	1806	1800	1800	0	0	0	0	2069	0	0	0	0	1	0	0	0	0	0	0	0	0	0	0	0	0	0	0	0.000000	9.404938	0


0	red_div8/5	1799	0	1799	0	1799	1798	1798	0	0	0	0	2068	0	0	0	0	1	0	0	0	0	0	0	0	0	0	0	0	0	0	0	0.000000	9.395188	0


0	red_div8/6	1799	0	1799	0	1799	1798	1798	0	0	0	0	2068	0	0	0	0	1	0	0	0	0	0	0	0	0	0	0	0	0	0	0	0.000000	9.390937	0


0	red_div8/7	1803	0	1803	0	1803	1795	1795	0	0	0	0	2066	0	0	0	0	1	0	0	0	0	0	0	0	0	0	0	0	0	0	0	0.000000	9.386250	0


0	red_div8/8	3445	0	3445	0	3445	1792	1792	0	0	0	0	3711	0	0	0	0	1	0	0	0	0	0	0	0	0	0	0	0	0	0	0	0.000000	16.450187	0


0	red_div8/9	1802	0	1802	0	1802	1798	1798	0	0	0	0	2064	0	0	0	0	1	0	0	0	0	0	0	0	0	0	0	0	0	0	0	0.000000	9.367812	0


0	red_div9/1	96	0	96	0	96	92	92	0	0	0	0	91	0	0	0	0	1	0	0	0	0	0	0	0	0	0	0	0	0	0	0	0.000000	0.209563	0


0	red_div9/10	3443	0	3443	0	3443	2620	2620	0	0	0	0	3725	0	0	0	0	1	0	0	0	0	0	0	0	0	0	0	0	0	0	0	0.000000	17.358875	0


0	red_div9/11	88	0	88	0	88	88	88	0	0	0	0	90	0	0	0	0	1	0	0	0	0	0	0	0	0	0	0	0	0	0	0	0.000000	0.197750	0


0	red_div9/12	1797	0	1797	0	1797	1796	1796	0	0	0	0	2063	0	0	0	0	1	0	0	0	0	0	0	0	0	0	0	0	0	0	0	0.000000	9.489688	0


0	red_div9/13	1797	0	1797	0	1797	1794	1794	0	0	0	0	2062	0	0	0	0	1	0	0	0	0	0	0	0	0	0	0	0	0	0	0	0.000000	9.390063	0


0	red_div9/14	3443	0	3443	0	3443	2616	2616	0	0	0	0	3724	0	0	0	0	1	0	0	0	0	0	0	0	0	0	0	0	0	0	0	0.000000	17.342437	0


0	red_div9/15	1797	0	1797	0	1797	1796	1796	0	0	0	0	2062	0	0	0	0	1	0	0	0	0	0	0	0	0	0	0	0	0	0	0	0.000000	9.545813	0


0	red_div9/16	1795	0	1795	0	1795	1789	1789	0	0	0	0	2060	0	0	0	0	1	0	0	0	0	0	0	0	0	0	0	0	0	0	0	0.000000	9.371125	0


0	red_div9/17	87	0	87	0	87	87	87	0	0	0	0	89	0	0	0	0	1	0	0	0	0	0	0	0	0	0	0	0	0	0	0	0.000000	0.197687	0


0	red_div9/18	94	0	94	0	94	90	90	0	0	0	0	89	0	0	0	0	1	0	0	0	0	0	0	0	0	0	0	0	0	0	0	0.000000	0.202000	0


0	red_div9/2	89	0	89	0	89	89	89	0	0	0	0	91	0	0	0	0	1	0	0	0	0	0	0	0	0	0	0	0	0	0	0	0.000000	0.202125	0


0	red_div9/3	89	0	89	0	89	86	86	0	0	0	0	91	0	0	0	0	1	0	0	0	0	0	0	0	0	0	0	0	0	0	0	0.000000	0.197187	0


0	red_div9/4	1806	0	1806	0	1806	1797	1797	0	0	0	0	2069	0	0	0	0	1	0	0	0	0	0	0	0	0	0	0	0	0	0	0	0.000000	9.376312	0


0	red_div9/5	1799	0	1799	0	1799	1798	1798	0	0	0	0	2068	0	0	0	0	1	0	0	0	0	0	0	0	0	0	0	0	0	0	0	0.000000	9.384562	0


0	red_div9/6	1799	0	1799	0	1799	1797	1797	0	0	0	0	2068	0	0	0	0	1	0	0	0	0	0	0	0	0	0	0	0	0	0	0	0.000000	9.398625	0


0	red_div9/7	1803	0	1803	0	1803	1796	1796	0	0	0	0	2066	0	0	0	0	1	0	0	0	0	0	0	0	0	0	0	0	0	0	0	0.000000	9.381000	0


0	red_div9/8	1797	0	1797	0	1797	1791	1791	0	0	0	0	2065	0	0	0	0	1	0	0	0	0	0	0	0	0	0	0	0	0	0	0	0.000000	9.375625	0


0	red_div9/9	3443	0	3443	0	3443	2618	2618	0	0	0	0	3724	0	0	0	0	1	0	0	0	0	0	0	0	0	0	0	0	0	0	0	0.000000	17.317062	0


0	stdout	0	0	0	0	0	0	0	0	0	0	0	0	0	0	0	0	1	0	0	0	0	0	0	0	0	0	0	0	0	0	0	0.000000	0.000000	0

