Version 2.6


Config File ../CONFIG/warp.cfg.8


Elapsed time for this run was 518.00 seconds



Node	Obj	E+FT	E-FT	E+FR	E-FR	E+FC	e starts	e cmps	e com	e zap	# ssave	# scom	# sequal	E Sent
	E+RT	E-RT	E+RR	E-RR	cr strts	ds strts	cm cr	cm ds	migr	stmigr	imigr	omigr	sqlen	iqlen	oqlen	sqmax,	iqmax,	oqmax	stforw	ctime	cpu


0	0	157	0	157	0	157	146	146	0	0	0	0	154	0	0	0	0	1	0	0	0	0	0	0	0	0	0	0	0	0	0	0	0.000000	1.240000


0	0-init	1	0	1	0	1	1	1	0	0	0	0	8	0	0	0	0	1	0	0	0	0	0	0	0	0	0	0	0	0	0	0	0.000000	0.000000


0	1	144	0	144	0	144	136	136	0	0	0	0	144	0	0	0	0	1	0	0	0	0	0	0	0	0	0	0	0	0	0	0	0.000000	1.120000


0	1-init	1	0	1	0	1	1	1	0	0	0	0	7	0	0	0	0	1	0	0	0	0	0	0	0	0	0	0	0	0	0	0	0.000000	0.000000


0	10	289	0	289	0	289	225	225	0	0	0	0	278	0	0	0	0	1	0	0	0	0	0	0	0	0	0	0	0	0	0	0	0.000000	2.780000


0	10-init	1	0	1	0	1	1	1	0	0	0	0	6	0	0	0	0	1	0	0	0	0	0	0	0	0	0	0	0	0	0	0	0.000000	0.000000


0	100	233	0	233	0	233	214	214	0	0	0	0	272	0	0	0	0	1	0	0	0	0	0	0	0	0	0	0	0	0	0	0	0.000000	2.970000


0	101	638	0	638	0	638	364	364	0	0	0	0	688	0	0	0	0	1	0	0	0	0	0	0	0	0	0	0	0	0	0	0	0.000000	8.250000


0	102	374	0	374	0	374	288	288	0	0	0	0	386	0	0	0	0	1	0	0	0	0	0	0	0	0	0	0	0	0	0	0	0.000000	3.550000


0	103	356	0	356	0	356	297	297	0	0	0	0	327	0	0	0	0	1	0	0	0	0	0	0	0	0	0	0	0	0	0	0	0.000000	2.730000


0	104	273	0	273	0	273	251	251	0	0	0	0	282	0	0	0	0	1	0	0	0	0	0	0	0	0	0	0	0	0	0	0	0.000000	2.810000


0	105	627	0	627	0	627	468	468	0	0	0	0	565	0	0	0	0	1	0	0	0	0	0	0	0	0	0	0	0	0	0	0	0.000000	6.060000


0	106	658	0	658	0	658	439	439	0	0	0	0	611	0	0	0	0	1	0	0	0	0	0	0	0	0	0	0	0	0	0	0	0.000000	7.030000


0	107	331	0	331	0	331	319	319	0	0	0	0	440	0	0	0	0	1	0	0	0	0	0	0	0	0	0	0	0	0	0	0	0.000000	5.010000


0	108	395	0	395	0	395	348	348	0	0	0	0	475	0	0	0	0	1	0	0	0	0	0	0	0	0	0	0	0	0	0	0	0.000000	5.790000


0	109	610	0	610	0	610	451	451	0	0	0	0	516	0	0	0	0	1	0	0	0	0	0	0	0	0	0	0	0	0	0	0	0.000000	5.700000


0	11	249	0	249	0	249	198	198	0	0	0	0	253	0	0	0	0	1	0	0	0	0	0	0	0	0	0	0	0	0	0	0	0.000000	3.130000


0	11-init	1	0	1	0	1	1	1	0	0	0	0	6	0	0	0	0	1	0	0	0	0	0	0	0	0	0	0	0	0	0	0	0.000000	0.000000


0	110	669	0	669	0	669	456	456	0	0	0	0	611	0	0	0	0	1	0	0	0	0	0	0	0	0	0	0	0	0	0	0	0.000000	7.060000


0	111	403	0	403	0	403	367	367	0	0	0	0	412	0	0	0	0	1	0	0	0	0	0	0	0	0	0	0	0	0	0	0	0.000000	4.430000


0	112	396	0	396	0	396	354	354	0	0	0	0	417	0	0	0	0	1	0	0	0	0	0	0	0	0	0	0	0	0	0	0	0.000000	4.350000


0	113	551	0	551	0	551	390	390	0	0	0	0	537	0	0	0	0	1	0	0	0	0	0	0	0	0	0	0	0	0	0	0	0.000000	5.720000


0	114	394	0	394	0	394	349	349	0	0	0	0	395	0	0	0	0	1	0	0	0	0	0	0	0	0	0	0	0	0	0	0	0.000000	4.200000


0	115	389	0	389	0	389	277	277	0	0	0	0	384	0	0	0	0	1	0	0	0	0	0	0	0	0	0	0	0	0	0	0	0.000000	4.130000


0	116	364	0	364	0	364	267	267	0	0	0	0	366	0	0	0	0	1	0	0	0	0	0	0	0	0	0	0	0	0	0	0	0.000000	3.860000


0	117	442	0	442	0	442	335	335	0	0	0	0	466	0	0	0	0	1	0	0	0	0	0	0	0	0	0	0	0	0	0	0	0.000000	5.470000


0	118	272	0	272	0	272	228	228	0	0	0	0	275	0	0	0	0	1	0	0	0	0	0	0	0	0	0	0	0	0	0	0	0.000000	3.190000


0	119	267	0	267	0	267	227	227	0	0	0	0	250	0	0	0	0	1	0	0	0	0	0	0	0	0	0	0	0	0	0	0	0.000000	3.010000


0	12	394	0	394	0	394	269	269	0	0	0	0	376	0	0	0	0	1	0	0	0	0	0	0	0	0	0	0	0	0	0	0	0.000000	4.400000


0	12-init	1	0	1	0	1	1	1	0	0	0	0	6	0	0	0	0	1	0	0	0	0	0	0	0	0	0	0	0	0	0	0	0.000000	0.000000


0	120	397	0	397	0	397	285	285	0	0	0	0	420	0	0	0	0	1	0	0	0	0	0	0	0	0	0	0	0	0	0	0	0.000000	4.700000


0	121	333	0	333	0	333	277	277	0	0	0	0	329	0	0	0	0	1	0	0	0	0	0	0	0	0	0	0	0	0	0	0	0.000000	3.290000


0	122	367	0	367	0	367	307	307	0	0	0	0	375	0	0	0	0	1	0	0	0	0	0	0	0	0	0	0	0	0	0	0	0.000000	3.980000


0	123	364	0	364	0	364	272	272	0	0	0	0	374	0	0	0	0	1	0	0	0	0	0	0	0	0	0	0	0	0	0	0	0.000000	3.830000


0	124	433	0	433	0	433	321	321	0	0	0	0	431	0	0	0	0	1	0	0	0	0	0	0	0	0	0	0	0	0	0	0	0.000000	3.950000


0	125	305	0	305	0	305	220	220	0	0	0	0	330	0	0	0	0	1	0	0	0	0	0	0	0	0	0	0	0	0	0	0	0.000000	3.010000


0	126	316	0	316	0	316	258	258	0	0	0	0	321	0	0	0	0	1	0	0	0	0	0	0	0	0	0	0	0	0	0	0	0.000000	2.800000


0	127	210	0	210	0	210	181	181	0	0	0	0	199	0	0	0	0	1	0	0	0	0	0	0	0	0	0	0	0	0	0	0	0.000000	1.800000


0	128	179	0	179	0	179	156	156	0	0	0	0	183	0	0	0	0	1	0	0	0	0	0	0	0	0	0	0	0	0	0	0	0.000000	1.790000


0	129	172	0	172	0	172	143	143	0	0	0	0	174	0	0	0	0	1	0	0	0	0	0	0	0	0	0	0	0	0	0	0	0.000000	1.680000


0	13	233	0	233	0	233	194	194	0	0	0	0	244	0	0	0	0	1	0	0	0	0	0	0	0	0	0	0	0	0	0	0	0.000000	2.870000


0	13-init	1	0	1	0	1	1	1	0	0	0	0	6	0	0	0	0	1	0	0	0	0	0	0	0	0	0	0	0	0	0	0	0.000000	0.000000


0	130	225	0	225	0	225	192	192	0	0	0	0	213	0	0	0	0	1	0	0	0	0	0	0	0	0	0	0	0	0	0	0	0.000000	1.970000


0	131	205	0	205	0	205	190	190	0	0	0	0	189	0	0	0	0	1	0	0	0	0	0	0	0	0	0	0	0	0	0	0	0.000000	1.970000


0	132	233	0	233	0	233	205	205	0	0	0	0	229	0	0	0	0	1	0	0	0	0	0	0	0	0	0	0	0	0	0	0	0.000000	2.170000


0	133	274	0	274	0	274	223	223	0	0	0	0	274	0	0	0	0	1	0	0	0	0	0	0	0	0	0	0	0	0	0	0	0.000000	2.730000


0	134	27	0	27	0	27	27	27	0	0	0	0	23	0	0	0	0	1	0	0	0	0	0	0	0	0	0	0	0	0	0	0	0.000000	0.070000


0	135	28	0	28	0	28	28	28	0	0	0	0	23	0	0	0	0	1	0	0	0	0	0	0	0	0	0	0	0	0	0	0	0.000000	0.040000


0	136	78	0	78	0	78	76	76	0	0	0	0	77	0	0	0	0	1	0	0	0	0	0	0	0	0	0	0	0	0	0	0	0.000000	0.300000


0	14	366	0	366	0	366	267	267	0	0	0	0	347	0	0	0	0	1	0	0	0	0	0	0	0	0	0	0	0	0	0	0	0.000000	4.150000


0	14-init	1	0	1	0	1	1	1	0	0	0	0	6	0	0	0	0	1	0	0	0	0	0	0	0	0	0	0	0	0	0	0	0.000000	0.010000


0	15	257	0	257	0	257	216	216	0	0	0	0	262	0	0	0	0	1	0	0	0	0	0	0	0	0	0	0	0	0	0	0	0.000000	3.050000


0	15-init	1	0	1	0	1	1	1	0	0	0	0	4	0	0	0	0	1	0	0	0	0	0	0	0	0	0	0	0	0	0	0	0.000000	0.000000


0	16	398	0	398	0	398	288	288	0	0	0	0	386	0	0	0	0	1	0	0	0	0	0	0	0	0	0	0	0	0	0	0	0.000000	4.850000


0	16-init	1	0	1	0	1	1	1	0	0	0	0	4	0	0	0	0	1	0	0	0	0	0	0	0	0	0	0	0	0	0	0	0.000000	0.000000


0	17	264	0	264	0	264	224	224	0	0	0	0	269	0	0	0	0	1	0	0	0	0	0	0	0	0	0	0	0	0	0	0	0.000000	2.950000


0	17-init	1	0	1	0	1	1	1	0	0	0	0	4	0	0	0	0	1	0	0	0	0	0	0	0	0	0	0	0	0	0	0	0.000000	0.000000


0	18	481	0	481	0	481	321	321	0	0	0	0	474	0	0	0	0	1	0	0	0	0	0	0	0	0	0	0	0	0	0	0	0.000000	5.870000


0	18-init	1	0	1	0	1	1	1	0	0	0	0	4	0	0	0	0	1	0	0	0	0	0	0	0	0	0	0	0	0	0	0	0.000000	0.000000


0	19	416	0	416	0	416	321	321	0	0	0	0	398	0	0	0	0	1	0	0	0	0	0	0	0	0	0	0	0	0	0	0	0.000000	4.340000


0	19-init	1	0	1	0	1	1	1	0	0	0	0	4	0	0	0	0	1	0	0	0	0	0	0	0	0	0	0	0	0	0	0	0.000000	0.010000


0	2	139	0	139	0	139	123	123	0	0	0	0	133	0	0	0	0	1	0	0	0	0	0	0	0	0	0	0	0	0	0	0	0.000000	1.050000


0	2-init	1	0	1	0	1	1	1	0	0	0	0	7	0	0	0	0	1	0	0	0	0	0	0	0	0	0	0	0	0	0	0	0.000000	0.000000


0	20	289	0	289	0	289	240	240	0	0	0	0	306	0	0	0	0	1	0	0	0	0	0	0	0	0	0	0	0	0	0	0	0.000000	2.850000


0	20-init	1	0	1	0	1	1	1	0	0	0	0	4	0	0	0	0	1	0	0	0	0	0	0	0	0	0	0	0	0	0	0	0.000000	0.000000


0	21	293	0	293	0	293	234	234	0	0	0	0	269	0	0	0	0	1	0	0	0	0	0	0	0	0	0	0	0	0	0	0	0.000000	3.120000


0	21-init	1	0	1	0	1	1	1	0	0	0	0	4	0	0	0	0	1	0	0	0	0	0	0	0	0	0	0	0	0	0	0	0.000000	0.000000


0	22	448	0	448	0	448	320	320	0	0	0	0	430	0	0	0	0	1	0	0	0	0	0	0	0	0	0	0	0	0	0	0	0.000000	4.840000


0	22-init	1	0	1	0	1	1	1	0	0	0	0	4	0	0	0	0	1	0	0	0	0	0	0	0	0	0	0	0	0	0	0	0.000000	0.000000


0	23	446	0	446	0	446	357	357	0	0	0	0	465	0	0	0	0	1	0	0	0	0	0	0	0	0	0	0	0	0	0	0	0.000000	5.400000


0	23-init	1	0	1	0	1	1	1	0	0	0	0	4	0	0	0	0	1	0	0	0	0	0	0	0	0	0	0	0	0	0	0	0.000000	0.000000


0	24	464	0	464	0	464	320	320	0	0	0	0	465	0	0	0	0	1	0	0	0	0	0	0	0	0	0	0	0	0	0	0	0.000000	5.930000


0	24-init	1	0	1	0	1	1	1	0	0	0	0	4	0	0	0	0	1	0	0	0	0	0	0	0	0	0	0	0	0	0	0	0.000000	0.000000


0	25	352	0	352	0	352	274	274	0	0	0	0	357	0	0	0	0	1	0	0	0	0	0	0	0	0	0	0	0	0	0	0	0.000000	4.430000


0	25-init	1	0	1	0	1	1	1	0	0	0	0	4	0	0	0	0	1	0	0	0	0	0	0	0	0	0	0	0	0	0	0	0.000000	0.000000


0	26	500	0	500	0	500	356	356	0	0	0	0	484	0	0	0	0	1	0	0	0	0	0	0	0	0	0	0	0	0	0	0	0.000000	5.940000


0	26-init	1	0	1	0	1	1	1	0	0	0	0	4	0	0	0	0	1	0	0	0	0	0	0	0	0	0	0	0	0	0	0	0.000000	0.000000


0	27	484	0	484	0	484	341	341	0	0	0	0	498	0	0	0	0	1	0	0	0	0	0	0	0	0	0	0	0	0	0	0	0.000000	5.630000


0	27-init	1	0	1	0	1	1	1	0	0	0	0	4	0	0	0	0	1	0	0	0	0	0	0	0	0	0	0	0	0	0	0	0.000000	0.000000


0	28	555	0	555	0	555	383	383	0	0	0	0	536	0	0	0	0	1	0	0	0	0	0	0	0	0	0	0	0	0	0	0	0.000000	6.350000


0	28-init	1	0	1	0	1	1	1	0	0	0	0	4	0	0	0	0	1	0	0	0	0	0	0	0	0	0	0	0	0	0	0	0.000000	0.000000


0	29	412	0	412	0	412	325	325	0	0	0	0	444	0	0	0	0	1	0	0	0	0	0	0	0	0	0	0	0	0	0	0	0.000000	5.320000


0	29-init	1	0	1	0	1	1	1	0	0	0	0	4	0	0	0	0	1	0	0	0	0	0	0	0	0	0	0	0	0	0	0	0.000000	0.000000


0	3	139	0	139	0	139	124	124	0	0	0	0	139	0	0	0	0	1	0	0	0	0	0	0	0	0	0	0	0	0	0	0	0.000000	1.170000


0	3-init	1	0	1	0	1	1	1	0	0	0	0	7	0	0	0	0	1	0	0	0	0	0	0	0	0	0	0	0	0	0	0	0.000000	0.000000


0	30	189	0	189	0	189	173	173	0	0	0	0	221	0	0	0	0	1	0	0	0	0	0	0	0	0	0	0	0	0	0	0	0.000000	2.240000


0	30-init	1	0	1	0	1	1	1	0	0	0	0	4	0	0	0	0	1	0	0	0	0	0	0	0	0	0	0	0	0	0	0	0.000000	0.000000


0	31	326	0	326	0	326	265	265	0	0	0	0	302	0	0	0	0	1	0	0	0	0	0	0	0	0	0	0	0	0	0	0	0.000000	3.100000


0	31-init	1	0	1	0	1	1	1	0	0	0	0	4	0	0	0	0	1	0	0	0	0	0	0	0	0	0	0	0	0	0	0	0.000000	0.000000


0	32	382	0	382	0	382	290	290	0	0	0	0	375	0	0	0	0	1	0	0	0	0	0	0	0	0	0	0	0	0	0	0	0.000000	4.040000


0	33	399	0	399	0	399	317	317	0	0	0	0	403	0	0	0	0	1	0	0	0	0	0	0	0	0	0	0	0	0	0	0	0.000000	4.470000


0	34	421	0	421	0	421	343	343	0	0	0	0	411	0	0	0	0	1	0	0	0	0	0	0	0	0	0	0	0	0	0	0	0.000000	4.270000


0	35	423	0	423	0	423	317	317	0	0	0	0	407	0	0	0	0	1	0	0	0	0	0	0	0	0	0	0	0	0	0	0	0.000000	4.070000


0	36	497	0	497	0	497	351	351	0	0	0	0	524	0	0	0	0	1	0	0	0	0	0	0	0	0	0	0	0	0	0	0	0.000000	5.310000


0	37	437	0	437	0	437	317	317	0	0	0	0	423	0	0	0	0	1	0	0	0	0	0	0	0	0	0	0	0	0	0	0	0.000000	4.380000


0	38	446	0	446	0	446	350	350	0	0	0	0	446	0	0	0	0	1	0	0	0	0	0	0	0	0	0	0	0	0	0	0	0.000000	4.830000


0	39	444	0	444	0	444	341	341	0	0	0	0	440	0	0	0	0	1	0	0	0	0	0	0	0	0	0	0	0	0	0	0	0.000000	4.890000


0	4	140	0	140	0	140	125	125	0	0	0	0	139	0	0	0	0	1	0	0	0	0	0	0	0	0	0	0	0	0	0	0	0.000000	1.120000


0	4-init	1	0	1	0	1	1	1	0	0	0	0	7	0	0	0	0	1	0	0	0	0	0	0	0	0	0	0	0	0	0	0	0.000000	0.000000


0	40	424	0	424	0	424	312	312	0	0	0	0	418	0	0	0	0	1	0	0	0	0	0	0	0	0	0	0	0	0	0	0	0.000000	4.550000


0	41	384	0	384	0	384	294	294	0	0	0	0	375	0	0	0	0	1	0	0	0	0	0	0	0	0	0	0	0	0	0	0	0.000000	3.760000


0	42	311	0	311	0	311	247	247	0	0	0	0	299	0	0	0	0	1	0	0	0	0	0	0	0	0	0	0	0	0	0	0	0.000000	2.940000


0	43	195	0	195	0	195	175	175	0	0	0	0	230	0	0	0	0	1	0	0	0	0	0	0	0	0	0	0	0	0	0	0	0.000000	2.180000


0	44	369	0	369	0	369	281	281	0	0	0	0	369	0	0	0	0	1	0	0	0	0	0	0	0	0	0	0	0	0	0	0	0.000000	3.250000


0	45	247	0	247	0	247	212	212	0	0	0	0	257	0	0	0	0	1	0	0	0	0	0	0	0	0	0	0	0	0	0	0	0.000000	2.400000


0	46	335	0	335	0	335	198	198	0	0	0	0	328	0	0	0	0	1	0	0	0	0	0	0	0	0	0	0	0	0	0	0	0.000000	3.480000


0	47	264	0	264	0	264	187	187	0	0	0	0	262	0	0	0	0	1	0	0	0	0	0	0	0	0	0	0	0	0	0	0	0.000000	2.640000


0	48	326	0	326	0	326	189	189	0	0	0	0	319	0	0	0	0	1	0	0	0	0	0	0	0	0	0	0	0	0	0	0	0.000000	3.550000


0	49	268	0	268	0	268	177	177	0	0	0	0	247	0	0	0	0	1	0	0	0	0	0	0	0	0	0	0	0	0	0	0	0.000000	2.780000


0	5	144	0	144	0	144	128	128	0	0	0	0	136	0	0	0	0	1	0	0	0	0	0	0	0	0	0	0	0	0	0	0	0.000000	1.100000


0	5-init	1	0	1	0	1	1	1	0	0	0	0	7	0	0	0	0	1	0	0	0	0	0	0	0	0	0	0	0	0	0	0	0.000000	0.000000


0	50	326	0	326	0	326	197	197	0	0	0	0	325	0	0	0	0	1	0	0	0	0	0	0	0	0	0	0	0	0	0	0	0.000000	3.710000


0	51	289	0	289	0	289	198	198	0	0	0	0	278	0	0	0	0	1	0	0	0	0	0	0	0	0	0	0	0	0	0	0	0.000000	3.120000


0	52	362	0	362	0	362	259	259	0	0	0	0	373	0	0	0	0	1	0	0	0	0	0	0	0	0	0	0	0	0	0	0	0.000000	4.400000


0	53	408	0	408	0	408	325	325	0	0	0	0	433	0	0	0	0	1	0	0	0	0	0	0	0	0	0	0	0	0	0	0	0.000000	4.330000


0	54	143	0	143	0	143	125	125	0	0	0	0	160	0	0	0	0	1	0	0	0	0	0	0	0	0	0	0	0	0	0	0	0.000000	1.530000


0	55	142	0	142	0	142	125	125	0	0	0	0	149	0	0	0	0	1	0	0	0	0	0	0	0	0	0	0	0	0	0	0	0.000000	1.350000


0	56	248	0	248	0	248	182	182	0	0	0	0	232	0	0	0	0	1	0	0	0	0	0	0	0	0	0	0	0	0	0	0	0.000000	2.460000


0	57	164	0	164	0	164	136	136	0	0	0	0	173	0	0	0	0	1	0	0	0	0	0	0	0	0	0	0	0	0	0	0	0.000000	1.860000


0	58	224	0	224	0	224	161	161	0	0	0	0	210	0	0	0	0	1	0	0	0	0	0	0	0	0	0	0	0	0	0	0	0.000000	2.250000


0	59	147	0	147	0	147	115	115	0	0	0	0	152	0	0	0	0	1	0	0	0	0	0	0	0	0	0	0	0	0	0	0	0.000000	1.590000


0	6	153	0	153	0	153	142	142	0	0	0	0	155	0	0	0	0	1	0	0	0	0	0	0	0	0	0	0	0	0	0	0	0.000000	1.410000


0	6-init	1	0	1	0	1	1	1	0	0	0	0	7	0	0	0	0	1	0	0	0	0	0	0	0	0	0	0	0	0	0	0	0.000000	0.000000


0	60	217	0	217	0	217	162	162	0	0	0	0	208	0	0	0	0	1	0	0	0	0	0	0	0	0	0	0	0	0	0	0	0.000000	2.160000


0	61	158	0	158	0	158	133	133	0	0	0	0	169	0	0	0	0	1	0	0	0	0	0	0	0	0	0	0	0	0	0	0	0.000000	1.640000


0	62	227	0	227	0	227	191	191	0	0	0	0	192	0	0	0	0	1	0	0	0	0	0	0	0	0	0	0	0	0	0	0	0.000000	1.790000


0	63	103	0	103	0	103	101	101	0	0	0	0	116	0	0	0	0	1	0	0	0	0	0	0	0	0	0	0	0	0	0	0	0.000000	0.960000


0	64	274	0	274	0	274	248	248	0	0	0	0	320	0	0	0	0	1	0	0	0	0	0	0	0	0	0	0	0	0	0	0	0.000000	3.630000


0	65	479	0	479	0	479	352	352	0	0	0	0	445	0	0	0	0	1	0	0	0	0	0	0	0	0	0	0	0	0	0	0	0.000000	4.970000


0	66	576	0	576	0	576	393	393	0	0	0	0	568	0	0	0	0	1	0	0	0	0	0	0	0	0	0	0	0	0	0	0	0.000000	6.810000


0	67	674	0	674	0	674	501	501	0	0	0	0	657	0	0	0	0	1	0	0	0	0	0	0	0	0	0	0	0	0	0	0	0.000000	7.220000


0	68	587	0	587	0	587	473	473	0	0	0	0	584	0	0	0	0	1	0	0	0	0	0	0	0	0	0	0	0	0	0	0	0.000000	6.780000


0	69	577	0	577	0	577	416	416	0	0	0	0	589	0	0	0	0	1	0	0	0	0	0	0	0	0	0	0	0	0	0	0	0.000000	7.010000


0	7	168	0	168	0	168	146	146	0	0	0	0	170	0	0	0	0	1	0	0	0	0	0	0	0	0	0	0	0	0	0	0	0.000000	1.370000


0	7-init	1	0	1	0	1	1	1	0	0	0	0	7	0	0	0	0	1	0	0	0	0	0	0	0	0	0	0	0	0	0	0	0.000000	0.000000


0	70	593	0	593	0	593	438	438	0	0	0	0	578	0	0	0	0	1	0	0	0	0	0	0	0	0	0	0	0	0	0	0	0.000000	6.670000


0	71	676	0	676	0	676	501	501	0	0	0	0	682	0	0	0	0	1	0	0	0	0	0	0	0	0	0	0	0	0	0	0	0.000000	8.070000


0	72	571	0	571	0	571	423	423	0	0	0	0	568	0	0	0	0	1	0	0	0	0	0	0	0	0	0	0	0	0	0	0	0.000000	6.780000


0	73	624	0	624	0	624	445	445	0	0	0	0	622	0	0	0	0	1	0	0	0	0	0	0	0	0	0	0	0	0	0	0	0.000000	8.050000


0	74	572	0	572	0	572	396	396	0	0	0	0	575	0	0	0	0	1	0	0	0	0	0	0	0	0	0	0	0	0	0	0	0.000000	6.990000


0	75	470	0	470	0	470	356	356	0	0	0	0	469	0	0	0	0	1	0	0	0	0	0	0	0	0	0	0	0	0	0	0	0.000000	5.230000


0	76	505	0	505	0	505	397	397	0	0	0	0	446	0	0	0	0	1	0	0	0	0	0	0	0	0	0	0	0	0	0	0	0.000000	4.890000


0	77	255	0	255	0	255	229	229	0	0	0	0	287	0	0	0	0	1	0	0	0	0	0	0	0	0	0	0	0	0	0	0	0.000000	3.430000


0	78	135	0	135	0	135	130	130	0	0	0	0	148	0	0	0	0	1	0	0	0	0	0	0	0	0	0	0	0	0	0	0	0.000000	0.930000


0	79	146	0	146	0	146	139	139	0	0	0	0	133	0	0	0	0	1	0	0	0	0	0	0	0	0	0	0	0	0	0	0	0.000000	0.740000


0	8	180	0	180	0	180	158	158	0	0	0	0	177	0	0	0	0	1	0	0	0	0	0	0	0	0	0	0	0	0	0	0	0.000000	1.400000


0	8-init	1	0	1	0	1	1	1	0	0	0	0	7	0	0	0	0	1	0	0	0	0	0	0	0	0	0	0	0	0	0	0	0.000000	0.010000


0	80	125	0	125	0	125	121	121	0	0	0	0	121	0	0	0	0	1	0	0	0	0	0	0	0	0	0	0	0	0	0	0	0.000000	0.700000


0	81	100	0	100	0	100	94	94	0	0	0	0	98	0	0	0	0	1	0	0	0	0	0	0	0	0	0	0	0	0	0	0	0.000000	0.540000


0	82	78	0	78	0	78	72	72	0	0	0	0	75	0	0	0	0	1	0	0	0	0	0	0	0	0	0	0	0	0	0	0	0.000000	0.400000


0	83	71	0	71	0	71	67	67	0	0	0	0	72	0	0	0	0	1	0	0	0	0	0	0	0	0	0	0	0	0	0	0	0.000000	0.410000


0	84	74	0	74	0	74	72	72	0	0	0	0	78	0	0	0	0	1	0	0	0	0	0	0	0	0	0	0	0	0	0	0	0.000000	0.440000


0	85	85	0	85	0	85	83	83	0	0	0	0	86	0	0	0	0	1	0	0	0	0	0	0	0	0	0	0	0	0	0	0	0.000000	0.400000


0	86	111	0	111	0	111	100	100	0	0	0	0	106	0	0	0	0	1	0	0	0	0	0	0	0	0	0	0	0	0	0	0	0.000000	0.580000


0	87	133	0	133	0	133	124	124	0	0	0	0	130	0	0	0	0	1	0	0	0	0	0	0	0	0	0	0	0	0	0	0	0.000000	0.740000


0	88	128	0	128	0	128	116	116	0	0	0	0	138	0	0	0	0	1	0	0	0	0	0	0	0	0	0	0	0	0	0	0	0.000000	0.850000


0	89	203	0	203	0	203	186	186	0	0	0	0	214	0	0	0	0	1	0	0	0	0	0	0	0	0	0	0	0	0	0	0	0.000000	1.750000


0	9	190	0	190	0	190	164	164	0	0	0	0	182	0	0	0	0	1	0	0	0	0	0	0	0	0	0	0	0	0	0	0	0.000000	1.470000


0	9-init	1	0	1	0	1	1	1	0	0	0	0	6	0	0	0	0	1	0	0	0	0	0	0	0	0	0	0	0	0	0	0	0.000000	0.000000


0	90	258	0	258	0	258	220	220	0	0	0	0	251	0	0	0	0	1	0	0	0	0	0	0	0	0	0	0	0	0	0	0	0.000000	2.180000


0	91	281	0	281	0	281	246	246	0	0	0	0	283	0	0	0	0	1	0	0	0	0	0	0	0	0	0	0	0	0	0	0	0.000000	2.370000


0	92	592	0	592	0	592	391	391	0	0	0	0	534	0	0	0	0	1	0	0	0	0	0	0	0	0	0	0	0	0	0	0	0.000000	5.360000


0	93	731	0	731	0	731	470	470	0	0	0	0	690	0	0	0	0	1	0	0	0	0	0	0	0	0	0	0	0	0	0	0	0.000000	8.570000


0	94	485	0	485	0	485	400	400	0	0	0	0	483	0	0	0	0	1	0	0	0	0	0	0	0	0	0	0	0	0	0	0	0.000000	5.730000


0	95	449	0	449	0	449	373	373	0	0	0	0	419	0	0	0	0	1	0	0	0	0	0	0	0	0	0	0	0	0	0	0	0.000000	4.710000


0	96	310	0	310	0	310	281	281	0	0	0	0	346	0	0	0	0	1	0	0	0	0	0	0	0	0	0	0	0	0	0	0	0.000000	3.930000


0	97	531	0	531	0	531	364	364	0	0	0	0	590	0	0	0	0	1	0	0	0	0	0	0	0	0	0	0	0	0	0	0	0.000000	6.210000


0	98	330	0	330	0	330	269	269	0	0	0	0	322	0	0	0	0	1	0	0	0	0	0	0	0	0	0	0	0	0	0	0	0.000000	2.990000


0	99	321	0	321	0	321	248	248	0	0	0	0	308	0	0	0	0	1	0	0	0	0	0	0	0	0	0	0	0	0	0	0	0.000000	3.150000


0	stdout	0	0	0	0	0	0	0	0	0	0	0	0	0	0	0	0	1	0	0	0	0	0	0	0	0	0	0	0	0	0	0	0.000000	0.000000

