   0 0 0.025620 
   1 0 0.029094 
   3 0 0.026710 
   2 0 0.025778 
   6 0 0.024870 
   8 0 0.031997 
   7 0 0.029497 
   23 0 0.024701 
   5 0 0.036036 
   4 0 0.034922 
   14 0 0.024888 
   15 0 0.022683 
   9 0 0.036175 
   28 0 0.036345 
   10 0 0.033888 
   13 0 0.033076 
   25 0 0.023234 
   11 0 0.033972 
   24 0 0.026353 
   26 0 0.025084 
   21 0 0.035509 
   16 0 0.022621 
   22 0 0.019681 
   17 0 0.017434 
   12 0 0.036522 
   20 0 0.033419 
   27 0 0.028648 
   18 0 0.024758 
   30 0 0.027383 
   19 0 0.023700 
   29 0 0.037871 
   31 0 0.028090 
   0 1 0.429803 
   2 1 0.437430 
   1 1 0.466897 
   4 1 0.647991 
   6 1 0.623349 
   13 1 0.463569 
   9 1 0.637287 
   14 1 0.375202 
   3 1 0.508431 
   18 1 0.378120 
   17 1 0.303815 
   25 1 0.280589 
   8 1 0.679492 
   10 1 0.707417 
   5 1 0.804962 
   7 1 0.803667 
   29 1 0.724673 
   16 1 0.257892 
   15 1 0.260161 
   24 1 0.353315 
   28 1 0.790649 
   23 1 0.475541 
   12 1 0.698327 
   11 1 0.745437 
   22 1 0.502804 
   20 1 0.635341 
   21 1 0.657272 
   27 1 0.401379 
   19 1 0.459452 
   26 1 0.271212 
   30 1 0.460667 
   31 1 0.330790 
   0 2 0.427452 
   1 2 0.658701 
   2 2 0.620139 
   3 2 0.507245 
   4 2 0.570142 
   14 2 0.423157 
   13 2 0.570949 
   6 2 0.441567 
   9 2 0.673540 
   7 2 0.414107 
   8 2 0.528246 
   5 2 0.758627 
   22 2 0.549724 
   17 2 0.469734 
   23 2 0.407258 
   12 2 0.723209 
   11 2 0.628182 
   16 2 0.403633 
   18 2 0.703022 
   15 2 0.243916 
   19 2 0.502840 
   25 2 0.452095 
   20 2 0.573190 
   28 2 0.809052 
   27 2 0.563575 
   10 2 0.730254 
   26 2 0.600267 
   21 2 0.628709 
   29 2 0.768105 
   24 2 0.492468 
   30 2 0.386005 
   31 2 0.367445 
   0 3 0.337557 
   2 3 0.545756 
   1 3 0.698175 
   4 3 0.626256 
   6 3 0.454312 
   5 3 0.773169 
   10 3 0.591884 
   13 3 0.616958 
   11 3 0.666838 
   18 3 0.628633 
   12 3 0.758731 
   21 3 0.788112 
   25 3 0.617059 
   19 3 0.506440 
   3 3 0.580760 
   14 3 0.674440 
   7 3 0.409466 
   17 3 0.543565 
   26 3 0.715153 
   15 3 0.553803 
   16 3 0.583731 
   20 3 0.655191 
   8 3 0.373124 
   9 3 0.646663 
   22 3 0.641256 
   23 3 0.659448 
   27 3 0.714108 
   24 3 0.679176 
   29 3 0.697762 
   30 3 0.488661 
   28 3 0.804081 
   31 3 0.437881 
   0 4 0.508620 
   2 4 0.603663 
   6 4 0.405098 
   5 4 0.828929 
   14 4 0.567515 
   11 4 0.567607 
   1 4 0.734366 
   4 4 0.730348 
   13 4 0.671376 
   17 4 0.449520 
   9 4 0.795617 
   10 4 0.736503 
   18 4 0.617245 
   25 4 0.596492 
   20 4 0.581944 
   12 4 0.828857 
   21 4 0.494723 
   3 4 0.690364 
   27 4 0.639272 
   7 4 0.526554 
   15 4 0.476579 
   8 4 0.621163 
   26 4 0.733483 
   19 4 0.651558 
   24 4 0.615874 
   23 4 0.399516 
   22 4 0.437435 
   16 4 0.522079 
   29 4 0.641335 
   28 4 0.833008 
   31 4 0.420031 
   30 4 0.397465 
26 1410411 4 90 288.000000 21 288.000000 1 4 0 280.000000
5 1410774 4 101 284.000000 30 284.000000 1 19 0 280.000000
10 1411003 4 10 287.000000 15 287.000000 1 7 2 280.000000
28 1411023 4 124 288.000000 23 288.000000 1 13 0 280.000000
4 1411564 4 36 286.000000 17 286.000000 1 8 1 280.000000
12 1411702 4 76 287.000000 6 287.000000 1 11 1 280.000000
9 1411608 4 41 288.000000 31 288.000000 1 4 0 280.000000
1 1412372 4 65 290.000000 22 290.000000 1 6 1 280.000000
26 1419911 90 288.000000 21 280.000000
9 1423311 41 288.000000 31 280.000000
10 1428894 10 287.000000 15 280.000000
1 1432075 65 290.000000 22 280.000000
4 1432515 36 286.000000 17 280.000000
5 1435271 101 284.000000 30 280.000000
12 1442290 76 287.000000 6 289.000000
28 1446997 124 288.000000 23 289.000000
   0 5 0.517379 
   1 5 0.649573 
   2 5 0.701699 
   4 5 0.660303 
   9 5 0.604562 
   6 5 0.787161 
   13 5 0.607979 
   3 5 0.809598 
   10 5 0.591263 
   8 5 0.416820 
   14 5 0.761828 
   18 5 0.576361 
   5 5 0.672467 
   17 5 0.720010 
   7 5 0.538197 
   25 5 0.597959 
   11 5 0.786991 
   23 5 0.835782 
   16 5 0.603285 
   22 5 0.665755 
   21 5 0.703552 
   27 5 0.709305 
   15 5 0.572629 
   28 5 0.655999 
   20 5 0.485938 
   29 5 0.689481 
   12 5 0.659004 
   26 5 0.723114 
   19 5 0.507299 
   24 5 0.659346 
   30 5 0.602335 
   31 5 0.465337 
3 1484522 5 35 316.000000 31 316.000000 1 3 0 298.000000
23 1484555 5 23 313.000000 8 313.000000 1 17 0 298.000000
26 1485575 5 58 335.000000 15 335.000000 1 1 0 298.000000
11 1485725 5 43 317.000000 19 317.000000 1 9 0 298.000000
6 1485938 5 76 311.000000 20 311.000000 1 16 0 298.000000
17 1485984 5 49 315.000000 7 315.000000 1 8 2 298.000000
14 1486044 5 46 315.000000 0 315.000000 1 6 1 298.000000
2 1487063 5 130 315.000000 18 315.000000 1 4 0 298.000000
3 1490637 35 316.000000 31 307.000000
26 1497073 58 335.000000 15 307.000000
2 1497649 130 315.000000 18 307.000000
14 1504373 46 315.000000 0 307.000000
17 1504409 49 315.000000 7 307.000000
11 1512584 43 317.000000 19 307.000000
23 1520569 23 313.000000 8 307.000000
6 1523121 76 311.000000 20 316.000000
   0 6 0.764112 
   1 6 0.561925 
   2 6 0.552121 
   3 6 0.674070 
   13 6 0.695548 
   4 6 0.534520 
   6 6 0.763406 
   14 6 0.550291 
   18 6 0.818118 
   17 6 0.702566 
   7 6 0.782358 
   10 6 0.606319 
   5 6 0.749278 
   8 6 0.797331 
   9 6 0.740295 
   11 6 0.754656 
   20 6 0.690668 
   21 6 0.640518 
   26 6 0.522195 
   15 6 0.741556 
   27 6 0.519541 
   23 6 0.634774 
   25 6 0.591144 
   28 6 0.466706 
   12 6 0.582672 
   24 6 0.752143 
   16 6 0.656292 
   22 6 0.560503 
   29 6 0.700132 
   30 6 0.830267 
   19 6 0.583346 
   31 6 0.696097 
30 1559408 6 62 340.000000 28 340.000000 1 2 0 328.000000
18 1559911 6 50 335.000000 27 335.000000 1 8 0 328.000000
0 1560840 6 96 338.000000 2 338.000000 1 8 0 328.000000
6 1560229 6 6 340.000000 14 340.000000 1 3 0 328.000000
24 1560621 6 56 338.000000 22 338.000000 1 6 2 328.000000
7 1561654 6 39 336.000000 4 336.000000 1 7 0 328.000000
8 1562257 6 8 337.000000 26 337.000000 1 7 0 328.000000
30 1568070 62 340.000000 28 328.000000
6 1572547 6 340.000000 14 328.000000
7 1578713 39 336.000000 4 335.000000
8 1578973 8 337.000000 26 335.000000
0 1582507 96 338.000000 2 335.000000
24 1582339 56 338.000000 22 335.000000
18 1586317 50 335.000000 27 335.000000
   0 7 0.745718 
   1 7 0.776465 
   2 7 0.674858 
   3 7 0.724293 
   6 7 0.497188 
   8 7 0.781063 
   14 7 0.494059 
   13 7 0.621823 
   4 7 0.771315 
   5 7 0.797625 
   11 7 0.587920 
   12 7 0.541655 
   23 7 0.606493 
   18 7 0.796133 
   7 7 0.654387 
   16 7 0.625200 
   24 7 0.578448 
   9 7 0.666518 
   28 7 0.612159 
   10 7 0.636020 
   17 7 0.702510 
   19 7 0.630443 
   30 7 0.662261 
   21 7 0.567725 
   15 7 0.670078 
   25 7 0.595058 
   22 7 0.848561 
   20 7 0.726437 
   27 7 0.725549 
   26 7 0.722178 
   29 7 0.700340 
0 1631885 7 64 360.000000 23 360.000000 1 9 0 353.000000
   31 7 0.757870 
22 1630909 7 118 356.000000 6 356.000000 1 8 0 344.000000
31 1630773 7 95 361.000000 25 361.000000 1 4 0 344.000000
4 1631626 7 4 363.000000 11 363.000000 1 2 0 344.000000
1 1631851 7 1 361.000000 24 361.000000 1 2 0 353.000000
5 1632141 7 37 362.000000 14 362.000000 1 4 1 353.000000
8 1633157 7 104 359.000000 21 359.000000 1 14 0 353.000000
18 1633601 7 114 361.000000 12 361.000000 1 11 0 344.000000
1 1642522 1 361.000000 24 353.000000
4 1643923 4 363.000000 11 353.000000
31 1644553 95 361.000000 25 353.000000
5 1645622 37 362.000000 14 353.000000
22 1655685 118 356.000000 6 353.000000
0 1660224 64 360.000000 23 361.000000
18 1666537 114 361.000000 12 361.000000
8 1673116 104 359.000000 21 361.000000
   0 8 0.790069 
   2 8 0.820923 
   1 8 0.673246 
   5 8 0.526668 
   11 8 0.683702 
   12 8 0.656385 
   3 8 0.615038 
   6 8 0.736423 
   13 8 0.533111 
   4 8 0.723169 
   8 8 0.727246 
   20 8 0.644459 
   23 8 0.595495 
   9 8 0.543813 
   26 8 0.421879 
   14 8 0.802448 
   10 8 0.587311 
   19 8 0.671052 
   21 8 0.669151 
   22 8 0.776420 
   28 8 0.748116 
   27 8 0.824845 
   17 8 0.620646 
   18 8 0.500819 
   7 8 0.644357 
   30 8 0.444670 
   16 8 0.594938 
   15 8 0.833983 
   25 8 0.728697 
   31 8 0.703775 
   24 8 0.686339 
   29 8 0.719687 
27 1702413 8 27 381.000000 18 381.000000 1 19 0 368.000000
22 1702476 8 54 380.000000 9 380.000000 1 4 0 368.000000
28 1702667 8 62 385.000000 10 385.000000 1 4 0 368.000000
0 1708392 8 0 381.000000 13 381.000000 1 3 1 368.000000
15 1702977 8 15 381.000000 26 381.000000 1 8 0 368.000000
14 1704628 8 6 384.000000 5 384.000000 1 4 0 368.000000
2 1704691 8 34 380.000000 30 380.000000 1 8 0 368.000000
6 1704769 8 102 380.000000 16 380.000000 1 13 0 368.000000
28 1716278 62 385.000000 10 379.000000
14 1717220 6 384.000000 5 379.000000
0 1718070 0 381.000000 13 379.000000
22 1719276 54 380.000000 9 379.000000
2 1726674 34 380.000000 30 379.000000
15 1733743 15 381.000000 26 379.000000
27 1740503 27 381.000000 18 379.000000
6 1749155 102 380.000000 16 388.000000
   0 9 0.636199 
   2 9 0.727790 
   5 9 0.582527 
   17 9 0.702141 
   19 9 0.569911 
   1 9 0.718115 
   6 9 0.688738 
   12 9 0.682509 
   27 9 0.719015 
   4 9 0.836074 
   10 9 0.684787 
   21 9 0.704576 
   14 9 0.728478 
   13 9 0.799280 
   9 9 0.698929 
   20 9 0.735906 
   11 9 0.784685 
   22 9 0.736605 
   7 9 0.608173 
   23 9 0.721764 
   3 9 0.781354 
   15 9 0.827098 
   8 9 0.639098 
   16 9 0.782718 
   26 9 0.796951 
   25 9 0.770600 
   18 9 0.588497 
   28 9 0.632613 
   24 9 0.604188 
   30 9 0.732597 
   29 9 0.762539 
   31 9 0.727553 
26 1780088 9 8 410.000000 7 410.000000 1 2 0 398.000000
25 1780479 9 89 411.000000 28 411.000000 1 9 0 398.000000
13 1781002 9 45 405.000000 18 405.000000 1 5 1 398.000000
15 1781579 9 111 405.000000 5 405.000000 1 9 0 398.000000
11 1781625 9 4 411.000000 0 411.000000 1 3 0 398.000000
4 1782004 9 100 408.000000 19 408.000000 1 9 0 398.000000
3 1782071 9 3 406.000000 24 406.000000 1 5 0 398.000000
16 1782412 9 80 410.000000 8 410.000000 1 2 0 398.000000
11 1786526 4 411.000000 0 398.000000
26 1788927 8 410.000000 7 398.000000
16 1790569 80 410.000000 8 398.000000
3 1797173 3 406.000000 24 398.000000
13 1798620 45 405.000000 18 398.000000
15 1809598 111 405.000000 5 405.000000
4 1810419 100 408.000000 19 405.000000
25 1813456 89 411.000000 28 405.000000
   0 10 0.627448 
   2 10 0.743373 
   1 10 0.582928 
   4 10 0.725716 
   6 10 0.744078 
   10 10 0.749380 
   14 10 0.786068 
   21 10 0.797802 
   13 10 0.699760 
   17 10 0.626804 
   3 10 0.608092 
   5 10 0.791252 
   11 10 0.628508 
   8 10 0.588675 
   18 10 0.765476 
   9 10 0.805623 
   25 10 0.753829 
   20 10 0.693037 
   27 10 0.772729 
   12 10 0.758725 
   19 10 0.804684 
   29 10 0.821096 
   23 10 0.662725 
   7 10 0.800132 
   26 10 0.673343 
   22 10 0.705530 
   28 10 0.675480 
   16 10 0.827456 
   24 10 0.849254 
   30 10 0.863284 
   15 10 0.624302 
   31 10 0.628149 
30 1857234 10 126 430.000000 1 430.000000 1 9 0 425.000000
29 1857688 10 61 435.000000 0 435.000000 1 1 0 425.000000
9 1858392 10 54 435.000000 15 435.000000 1 2 0 425.000000
19 1858492 10 100 431.000000 17 431.000000 1 8 0 425.000000
24 1858631 10 1 431.000000 8 431.000000 1 4 0 425.000000
16 1859280 10 102 432.000000 3 432.000000 1 8 0 425.000000
7 1859526 10 103 432.000000 11 432.000000 1 4 2 425.000000
5 1860155 10 6 431.000000 31 431.000000 1 4 0 425.000000
29 1866169 61 435.000000 0 425.000000
9 1866545 54 435.000000 15 425.000000
7 1873805 103 432.000000 11 425.000000
24 1874496 1 431.000000 8 425.000000
5 1875041 6 431.000000 31 425.000000
19 1885250 100 431.000000 17 432.000000
30 1885996 126 430.000000 1 432.000000
16 1887753 102 432.000000 3 432.000000
   0 11 0.627956 
   2 11 0.494480 
   1 11 0.734517 
   6 11 0.531259 
   5 11 0.807716 
   14 11 0.855954 
   4 11 0.516325 
   3 11 0.728458 
   9 11 0.565301 
   7 11 0.724181 
   19 11 0.716741 
   15 11 0.761455 
   16 11 0.736365 
   10 11 0.683427 
   24 11 0.701039 
   12 11 0.846043 
   26 11 0.648244 
   22 11 0.687803 
   17 11 0.772703 
   11 11 0.700786 
   13 11 0.650746 
   18 11 0.583697 
   8 11 0.795135 
   27 11 0.647552 
   21 11 0.791812 
   23 11 0.722494 
   28 11 0.693869 
   30 11 0.829599 
   25 11 0.654339 
   20 11 0.690162 
   29 11 0.737361 
   31 11 0.767694 
30 1932177 11 30 454.000000 6 454.000000 1 14 1 443.000000
8 1932700 11 1 456.000000 18 456.000000 1 4 1 443.000000
21 1932771 11 21 458.000000 0 458.000000 1 5 2 443.000000
15 1933081 11 79 461.000000 27 461.000000 1 3 0 443.000000
17 1933110 11 17 456.000000 26 456.000000 1 7 0 443.000000
14 1933238 11 14 455.000000 2 455.000000 1 9 0 443.000000
5 1933740 11 133 462.000000 9 462.000000 1 1 0 443.000000
12 1933857 11 44 455.000000 4 455.000000 1 9 0 443.000000
5 1940208 133 462.000000 9 443.000000
15 1945198 79 461.000000 27 453.000000
17 1950470 17 456.000000 26 453.000000
12 1951118 44 455.000000 4 453.000000
21 1953336 21 458.000000 0 453.000000
8 1954442 1 456.000000 18 453.000000
14 1962565 14 455.000000 2 453.000000
30 1974778 30 454.000000 6 462.000000
   0 12 0.696469 
   1 12 0.680499 
   3 12 0.646343 
   8 12 0.678161 
   4 12 0.720224 
   2 12 0.737803 
   23 12 0.616847 
   10 12 0.693442 
   6 12 0.808199 
   14 12 0.581177 
   7 12 0.630750 
   21 12 0.687599 
   17 12 0.688919 
   27 12 0.759531 
   5 12 0.417367 
   25 12 0.655381 
   28 12 0.631732 
   16 12 0.716151 
   9 12 0.648664 
   15 12 0.578530 
   13 12 0.589775 
   11 12 0.628421 
   18 12 0.699250 
   24 12 0.571335 
   22 12 0.693513 
   12 12 0.743500 
   20 12 0.596161 
   29 12 0.654437 
   26 12 0.759628 
   30 12 0.823041 
   19 12 0.721435 
   31 12 0.826974 
31 2005692 12 127 481.000000 15 481.000000 1 2 0 475.000000
30 2005930 12 94 482.000000 5 482.000000 1 10 2 475.000000
27 2006638 12 91 489.000000 14 489.000000 1 3 0 475.000000
6 2007119 12 118 490.000000 24 490.000000 1 1 0 475.000000
26 2007434 12 17 486.000000 13 486.000000 1 3 1 475.000000
4 2007928 12 132 482.000000 11 999999999.000000 2 1 2 475.000000
2 2008464 12 2 483.000000 23 483.000000 1 3 1 475.000000
6 2015137 118 490.000000 24 475.000000
27 2017546 91 489.000000 14 475.000000
26 2017882 17 486.000000 13 475.000000
31 2018587 127 481.000000 15 475.000000
4 2020872 132 482.000000 11 475.000000
2 2021439 2 483.000000 23 475.000000
30 2031885 94 482.000000 5 475.000000
   0 13 0.716339 
   1 13 0.610064 
   3 13 0.578453 
   8 13 0.815545 
   4 13 0.586146 
   23 13 0.433344 
   2 13 0.792448 
   28 13 0.574962 
   6 13 0.391515 
   7 13 0.469240 
   13 13 0.614939 
   14 13 0.612524 
   10 13 0.802345 
   17 13 0.604671 
   5 13 0.474480 
   9 13 0.657345 
   18 13 0.767672 
   15 13 0.429299 
   22 13 0.489353 
   27 13 0.481307 
   25 13 0.612223 
   24 13 0.589740 
   16 13 0.506280 
   21 13 0.604278 
   29 13 0.565925 
   11 13 0.649994 
   12 13 0.672628 
   20 13 0.701515 
   30 13 0.671606 
   19 13 0.667674 
   26 13 0.497567 
   31 13 0.833990 
31 2080465 13 35 509.000000 6 509.000000 1 6 0 493.000000
20 2081391 13 20 519.000000 27 519.000000 1 8 1 493.000000
18 2082038 13 45 515.000000 5 515.000000 1 1 0 493.000000
0 2083199 13 21 513.000000 22 513.000000 1 3 0 493.000000
2 2082998 13 96 509.000000 7 509.000000 1 11 0 493.000000
12 2083113 13 114 514.000000 26 514.000000 1 6 1 493.000000
10 2083278 13 74 507.000000 23 507.000000 1 9 5 493.000000
8 2083661 13 40 503.000000 15 503.000000 1 14 0 493.000000
18 2090342 45 515.000000 5 503.000000
0 2094710 21 513.000000 22 503.000000
31 2094707 35 509.000000 6 503.000000
10 2108081 74 507.000000 23 503.000000
12 2109015 114 514.000000 26 503.000000
2 2110197 96 509.000000 7 503.000000
20 2111118 20 519.000000 27 503.000000
8 2116036 40 503.000000 15 512.000000
   0 14 0.560387 
   1 14 0.615147 
   2 14 0.717231 
   3 14 0.537942 
   6 14 0.834549 
   13 14 0.631333 
   4 14 0.627349 
   14 14 0.602839 
   7 14 0.661961 
   10 14 0.330354 
   17 14 0.619640 
   5 14 0.809689 
   8 14 0.751126 
   9 14 0.784995 
   12 14 0.392713 
   23 14 0.610809 
   19 14 0.553002 
   22 14 0.565942 
   25 14 0.446606 
   15 14 0.358792 
   18 14 0.538405 
   24 14 0.800601 
   21 14 0.585222 
   28 14 0.574742 
   16 14 0.600680 
   26 14 0.600288 
   30 14 0.514330 
   27 14 0.535672 
   29 14 0.656540 
   11 14 0.630471 
   31 14 0.330111 
   20 14 0.552585 
29 2156665 14 125 539.000000 18 539.000000 1 3 0 525.000000
5 2158548 14 94 537.000000 31 537.000000 1 10 0 525.000000
24 2159002 14 120 539.000000 15 539.000000 1 19 2 525.000000
8 2159091 14 80 545.000000 25 545.000000 1 1 0 525.000000
9 2159372 14 133 541.000000 12 541.000000 1 1 0 525.000000
6 2159682 14 38 537.000000 10 537.000000 1 5 0 525.000000
2 2159870 14 98 535.000000 30 999999999.000000 2 1 1 525.000000
7 2160066 14 96 541.000000 3 541.000000 1 8 0 525.000000
9 2163602 133 541.000000 12 525.000000
8 2165978 80 545.000000 25 525.000000
29 2168298 125 539.000000 18 525.000000
2 2170549 98 535.000000 30 525.000000
6 2177767 38 537.000000 10 537.000000
7 2180548 96 541.000000 3 537.000000
5 2192050 94 537.000000 31 537.000000
24 2207251 120 539.000000 15 548.000000
   0 15 0.369479 
   1 15 0.568760 
   4 15 0.702950 
   3 15 0.572833 
   10 15 0.677626 
   8 15 0.612065 
   2 15 0.386123 
   21 15 0.468627 
   23 15 0.832953 
   27 15 0.429657 
   6 15 0.741510 
   28 15 0.623769 
   9 15 0.573042 
   14 15 0.697740 
   13 15 0.701237 
   7 15 0.506384 
   17 15 0.863273 
   24 15 0.429806 
   16 15 0.618711 
   5 15 0.607547 
   15 15 0.593170 
   22 15 0.447257 
   25 15 0.546275 
   18 15 0.719744 
   12 15 0.303123 
   11 15 0.543731 
   30 15 0.557102 
   19 15 0.521568 
   20 15 0.442805 
   29 15 0.604891 
   31 15 0.706149 
   26 15 0.662170 
31 2229264 15 31 571.000000 22 571.000000 1 4 0 559.000000
23 2230161 15 64 569.000000 0 569.000000 1 13 0 559.000000
17 2231476 15 113 574.000000 12 574.000000 1 7 0 559.000000
4 2231490 15 44 568.000000 27 568.000000 1 9 0 559.000000
18 2231834 15 125 574.000000 24 999999999.000000 2 1 1 559.000000
14 2232063 15 91 575.000000 21 575.000000 1 2 0 559.000000
13 2232855 15 77 580.000000 20 580.000000 1 14 0 559.000000
6 2233179 15 30 571.000000 2 571.000000 1 13 0 559.000000
18 2234393 125 574.000000 24 559.000000
14 2238993 91 575.000000 21 559.000000
31 2239505 31 571.000000 22 559.000000
17 2240883 113 574.000000 12 559.000000
4 2248962 44 568.000000 27 559.000000
23 2263978 64 569.000000 0 571.000000
13 2267726 77 580.000000 20 571.000000
6 2270512 30 571.000000 2 571.000000
   0 16 0.576335 
   1 16 0.628488 
   2 16 0.487042 
   4 16 0.667326 
   10 16 0.771953 
   3 16 0.841534 
   8 16 0.488889 
   6 16 0.506450 
   14 16 0.552731 
   7 16 0.551173 
   5 16 0.722444 
   17 16 0.324439 
   25 16 0.524465 
   13 16 0.414138 
   16 16 0.393198 
   18 16 0.627620 
   24 16 0.157866 
   21 16 0.472758 
   9 16 0.646116 
   27 16 0.422874 
   22 16 0.679042 
   15 16 0.533440 
   23 16 0.468950 
   30 16 0.537754 
   11 16 0.619026 
   20 16 0.492425 
   12 16 0.534792 
   26 16 0.667959 
   29 16 0.448077 
   19 16 0.700733 
   28 16 0.584938 
   31 16 0.456572 
26 2304361 16 26 615.000000 31 615.000000 1 1 0 583.000000
10 2305186 16 42 598.000000 17 598.000000 1 6 3 583.000000
5 2305244 16 111 609.000000 16 609.000000 1 7 1 583.000000
19 2305403 16 19 613.000000 13 613.000000 1 2 1 583.000000
22 2305965 16 31 604.000000 27 999999999.000000 2 1 1 583.000000
3 2306914 16 102 604.000000 24 604.000000 1 11 0 583.000000
22 2307948 31 604.000000 27 583.000000
19 2309899 19 613.000000 13 583.000000
26 2311177 26 615.000000 31 583.000000
5 2318972 111 609.000000 16 596.000000
3 2323603 102 604.000000 24 596.000000
10 2323799 42 598.000000 17 596.000000
   0 17 0.446818 
   2 17 0.694463 
   1 17 0.416147 
   6 17 0.534643 
   3 17 0.675924 
   8 17 0.512242 
   13 17 0.289041 
   5 17 0.395512 
   7 17 0.368597 
   4 17 0.679918 
   16 17 0.596229 
   24 17 0.393007 
   14 17 0.510024 
   11 17 0.578898 
   18 17 0.234068 
   15 17 0.467026 
   23 17 0.448950 
   10 17 0.738255 
   9 17 0.803360 
   22 17 0.521989 
   25 17 0.365169 
   12 17 0.780805 
   19 17 0.239274 
   17 17 0.487538 
   26 17 0.371219 
   20 17 0.242498 
   27 17 0.400541 
   21 17 0.523717 
   28 17 0.597371 
   29 17 0.864617 
   31 17 0.716085 
   30 17 0.780792 
31 2377009 17 26 648.000000 25 648.000000 1 2 0 627.000000
30 2377252 17 34 647.000000 13 647.000000 1 1 1 627.000000
29 2378290 17 29 645.000000 18 645.000000 1 10 0 627.000000
10 2378839 17 38 642.000000 7 642.000000 1 3 3 627.000000
12 2379340 17 113 662.000000 20 999999999.000000 2 1 1 627.000000
2 2379652 17 30 645.000000 26 645.000000 1 9 0 627.000000
9 2380058 17 105 650.000000 19 650.000000 1 3 0 627.000000
3 2380642 17 96 645.000000 5 645.000000 1 9 0 627.000000
9 2383159 105 650.000000 19 627.000000
12 2384259 113 662.000000 20 627.000000
31 2384284 26 648.000000 25 627.000000
30 2386755 34 647.000000 13 627.000000
10 2389614 38 642.000000 7 627.000000
2 2394964 30 645.000000 26 642.000000
29 2405341 29 645.000000 18 642.000000
3 2416363 96 645.000000 5 642.000000
   0 18 0.326313 
   2 18 0.558710 
   1 18 0.505419 
   4 18 0.554249 
   3 18 0.718581 
   5 18 0.695199 
   12 18 0.531915 
   7 18 0.392384 
   11 18 0.549935 
   20 18 0.626395 
   26 18 0.311051 
   9 18 0.458761 
   6 18 0.449385 
   22 18 0.678853 
   13 18 0.504218 
   15 18 0.330082 
   8 18 0.537932 
   18 18 0.386561 
   28 18 0.485043 
   30 18 0.439542 
   19 18 0.463795 
   23 18 0.496785 
   24 18 0.425048 
   25 18 0.615314 
   10 18 0.545963 
   29 18 0.400380 
   14 18 0.594981 
   27 18 0.323722 
   16 18 0.844248 
   17 18 0.294562 
   21 18 0.436019 
   31 18 0.367667 
16 2451727 18 112 698.000000 17 698.000000 1 4 0 674.000000
20 2451815 18 77 700.000000 15 700.000000 1 11 5 674.000000
22 2451850 18 21 754.000000 27 999999999.000000 2 1 1 674.000000
25 2452015 18 25 688.000000 31 688.000000 1 4 0 674.000000
5 2452210 18 96 687.000000 0 687.000000 1 3 0 674.000000
14 2452274 18 37 688.000000 18 999999999.000000 2 1 1 674.000000
2 2452292 18 14 710.000000 7 999999999.000000 2 1 2 674.000000
3 2452770 18 99 713.000000 26 999999999.000000 2 1 1 674.000000
3 2456303 99 713.000000 26 674.000000
16 2456615 112 698.000000 17 674.000000
22 2456617 21 754.000000 27 674.000000
2 2458728 14 710.000000 7 674.000000
5 2461054 96 687.000000 0 674.000000
14 2465964 37 688.000000 18 674.000000
25 2466250 25 688.000000 31 674.000000
20 2477725 77 700.000000 15 691.000000
   0 19 0.554851 
   1 19 0.196067 
   2 19 0.359495 
   4 19 0.421597 
   5 19 0.373286 
   6 19 0.301144 
   11 19 0.392033 
   13 19 0.237111 
   3 19 0.303848 
   7 19 0.307424 
   20 19 0.667950 
   26 19 0.431382 
   14 19 0.380861 
   18 19 0.428956 
   16 19 0.255815 
   17 19 0.268662 
   10 19 0.324974 
   15 19 0.422112 
   24 19 0.259051 
   28 19 0.172094 
   12 19 0.309458 
   19 19 0.384688 
   9 19 0.312304 
   8 19 0.381429 
   22 19 0.318341 
   23 19 0.391298 
   27 19 0.221735 
   30 19 0.544136 
   25 19 0.643966 
0 2524183 19 64 790.000000 16 790.000000 1 1 1 731.000000
   21 19 0.655023 
   31 19 0.749343 
   29 19 0.501797 
31 2523260 19 25 749.000000 28 749.000000 1 2 1 710.000000
0 2526649 64 790.000000 16 731.000000
30 2523342 19 98 768.000000 24 999999999.000000 2 1 1 710.000000
21 2523494 19 53 756.000000 27 756.000000 1 6 2 710.000000
26 2523526 19 122 743.000000 3 999999999.000000 2 1 1 710.000000
25 2523704 19 26 755.000000 13 755.000000 1 5 1 710.000000
20 2523808 19 113 741.000000 1 741.000000 1 6 0 710.000000
30 2526778 98 768.000000 24 731.000000
26 2528843 122 743.000000 3 731.000000
31 2528815 25 749.000000 28 731.000000
20 2531874 113 741.000000 1 731.000000
21 2531896 53 756.000000 27 731.000000
25 2532237 26 755.000000 13 731.000000
   0 20 0.202661 
   1 20 0.299856 
   4 20 0.252815 
   2 20 0.201444 
   3 20 0.318370 
   10 20 0.197057 
   8 20 0.377485 
   21 20 0.335857 
   23 20 0.340619 
   27 20 0.128945 
   9 20 0.420969 
   28 20 0.147838 
   7 20 0.476667 
   15 20 0.081333 
   16 20 0.187499 
   6 20 0.399200 
   22 20 0.121030 
   5 20 0.316466 
   13 20 0.071978 
   14 20 0.143876 
   11 20 0.500627 
   18 20 0.033875 
   12 20 0.144084 
   17 20 0.129529 
   30 20 0.637777 
   20 20 0.322992 
   25 20 0.250266 
   19 20 0.262818 
   26 20 0.172791 
   24 20 0.306736 
   29 20 0.635668 
   31 20 0.461944 
11 2592543 20 75 817.000000 15 817.000000 1 1 1 784.000000
11 2594924 75 817.000000 15 802.000000
   0 21 0.062419 
   1 21 0.025412 
   2 21 0.046616 
   3 21 0.050581 
   4 21 0.016842 
   8 21 0.052200 
   9 21 0.088756 
   10 21 0.021794 
   16 21 0.015805 
   23 21 0.090430 
   11 21 0.086660 
   6 21 0.070557 
   5 21 0.062606 
   29 21 0.118095 
   17 21 0.016632 
   25 21 0.046134 
   21 21 0.111681 
   14 21 0.018261 
   7 21 0.095675 
   12 21 0.014433 
   20 21 0.122069 
   28 21 0.046055 
   19 21 0.007481 
   31 21 0.026509 
   30 21 0.078649 
   22 21 0.030467 
   24 21 0.098275 
   13 21 0.020699 
   26 21 0.008019 
   15 21 0.192421 
   18 21 0.045547 
   27 21 0.022546 
