Version 2.7.1

Config File ../CONFIG/warp.cfg.32

Elapsed time for this run was 97.88 seconds


Node	Obj	E+FT	E-FT	E+FR	E-FR	E+FC	e starts	e cmps	e com	e zap	# ssave	# scom	E Sent	E+RT	E-RT	E+RR	E-RR	cr strts	ds strts	cm cr	cm ds	migr	stmigr	imigr	omigr	sqlen	iqlen	oqlen	sqmax,	iqmax,	oqmax	stforw	ctime	cpu	segmax

0	64	122	14	95	0	86	136	125	77	0	126	78	182	0	0	0	0	0	0	1	0	0	0	0	0	1	4	2	10	16	13	0	3.586625	5.023125	0

0	64	93	8	84	22	74	182	159	67	22	159	67	153	0	0	0	0	0	0	0	0	1	1	13	0	1	1	1	10	15	14	0	4.119625	5.999937	0

0	stdout	0	0	0	0	0	0	0	0	0	0	0	0	0	0	0	0	0	0	0	0	0	0	0	0	0	0	0	0	0	0	0	0.000000	0.000000	0

0	96	144	25	117	11	98	162	144	90	11	145	91	204	0	0	0	0	0	0	1	0	0	0	0	0	2	4	3	14	21	20	0	4.147938	7.257500	0

0	0	93	4	90	2	85	104	101	79	2	102	80	130	0	0	0	0	0	0	1	0	0	0	0	0	1	2	1	8	9	10	0	2.074187	2.379688	0

0	21	25	2	36	9	29	27	27	25	9	27	25	25	0	0	0	0	0	0	0	0	1	1	5	2	0	0	0	6	10	6	0	1.204000	1.314750	0

0	4	49	1	57	3	57	54	52	49	3	52	49	50	0	0	0	0	0	0	0	0	1	1	3	0	1	1	0	5	7	4	0	1.793375	1.808000	0

0	61	36	0	41	0	42	39	39	39	0	39	39	36	0	0	0	0	0	0	0	0	1	1	1	0	1	0	0	4	7	5	0	1.198187	1.198187	0

0	46	263	23	271	24	253	187	163	132	24	163	132	279	0	0	0	0	0	0	0	0	1	1	6	1	2	5	3	8	17	15	0	9.958562	11.882750	0

0	23-init	4	0	1	0	1	1	1	1	0	2	2	4	0	0	0	0	0	0	1	0	0	0	0	0	0	0	0	1	0	0	0	0.001250	0.001250	0

0	32	419	44	426	44	382	481	428	290	44	429	291	552	0	0	0	0	0	0	1	0	0	0	0	0	5	9	6	11	21	17	0	15.361437	21.174813	0

0	128	194	11	190	11	179	199	193	156	11	194	157	245	0	0	0	0	0	0	1	0	0	0	0	0	3	3	3	8	10	11	0	6.379125	7.323313	0

0	96	66	6	60	5	58	84	75	54	5	75	54	82	0	0	0	0	0	0	0	0	1	1	3	0	1	1	1	14	14	12	0	2.396625	3.062250	0

Config eposfs 1
Node 0: Cache Probes 3335, Cache Hits 3301, Cache Misses 34 Hit Ratio 98.98 percent
Migration Count Node 0: Migrations In 6, Migrations Out 5, Routing Faults 9, States Out 3, States In 0, States Not Sent 1
Load Stats: Cycles 21, Imbalances 5, Phase Not Chosen 0
Page Fault Node	0:	0
TW node	0	Cluster node	0	Mach node	50	Physical node	0xffffdeb8
Node 0: max msg buffs allocated to free pool = 500
Node 0: num msg buffs released from free pool = 0
Node 0: Max Local Time 41770687 for Object 4
Node 0: No home ask needed for pending entry 0 times
Node 0: Objects blocked 0 times
Node 0: Homeasks sent 18 Homeasks received 39
Node 0: Homeans sent 39 Homeans received 18

1	stdout	0	0	0	0	0	0	0	0	0	0	0	0	0	0	0	0	0	0	0	0	0	0	0	0	0	0	0	0	0	0	0	0.000000	0.000000	0

2	stdout	0	0	0	0	0	0	0	0	0	0	0	0	0	0	0	0	0	0	0	0	0	0	0	0	0	0	0	0	0	0	0	0.000000	0.000000	0

3	102	109	5	107	6	98	73	70	65	6	70	65	110	0	0	0	0	0	0	0	0	1	1	8	0	1	4	1	6	20	8	0	4.690500	5.001250	0

4	4	62	0	58	0	56	57	57	52	0	58	53	69	0	0	0	0	0	0	1	0	0	0	0	0	1	1	1	6	9	6	0	1.234125	1.357312	0

16	stdout	0	0	0	0	0	0	0	0	0	0	0	0	0	0	0	0	0	0	0	0	0	0	0	0	0	0	0	0	0	0	0	0.000000	0.000000	0

8	stdout	0	0	0	0	0	0	0	0	0	0	0	0	0	0	0	0	0	0	0	0	0	0	0	0	0	0	0	0	0	0	0	0.000000	0.000000	0

5	37	173	0	200	21	175	137	134	128	21	135	129	177	0	0	0	0	0	0	1	0	0	0	0	0	1	3	1	8	15	11	0	6.358812	6.391687	0

6	stdout	0	0	0	0	0	0	0	0	0	0	0	0	0	0	0	0	0	0	0	0	0	0	0	0	0	0	0	0	0	0	0	0.000000	0.000000	0

23	stdout	0	0	0	0	0	0	0	0	0	0	0	0	0	0	0	0	0	0	0	0	0	0	0	0	0	0	0	0	0	0	0	0.000000	0.000000	0

7	stdout	0	0	0	0	0	0	0	0	0	0	0	0	0	0	0	0	0	0	0	0	0	0	0	0	0	0	0	0	0	0	0	0.000000	0.000000	0

9	133	36	1	35	0	35	33	32	31	0	32	31	36	0	0	0	0	0	0	0	0	1	1	1	0	0	0	0	5	8	6	0	1.517937	1.605563	0

17	stdout	0	0	0	0	0	0	0	0	0	0	0	0	0	0	0	0	0	0	0	0	0	0	0	0	0	0	0	0	0	0	0	0.000000	0.000000	0

11	stdout	0	0	0	0	0	0	0	0	0	0	0	0	0	0	0	0	0	0	0	0	0	0	0	0	0	0	0	0	0	0	0	0.000000	0.000000	0

29	stdout	0	0	0	0	0	0	0	0	0	0	0	0	0	0	0	0	0	0	0	0	0	0	0	0	0	0	0	0	0	0	0	0.000000	0.000000	0

10	stdout	0	0	0	0	0	0	0	0	0	0	0	0	0	0	0	0	0	0	0	0	0	0	0	0	0	0	0	0	0	0	0	0.000000	0.000000	0

25	stdout	0	0	0	0	0	0	0	0	0	0	0	0	0	0	0	0	0	0	0	0	0	0	0	0	0	0	0	0	0	0	0	0.000000	0.000000	0

31	31	279	31	291	24	263	352	314	210	24	315	211	392	0	0	0	0	0	0	1	0	0	0	0	0	4	6	5	14	21	19	0	9.580813	13.159000	0

21	stdout	0	0	0	0	0	0	0	0	0	0	0	0	0	0	0	0	0	0	0	0	0	0	0	0	0	0	0	0	0	0	0	0.000000	0.000000	0

15	stdout	0	0	0	0	0	0	0	0	0	0	0	0	0	0	0	0	0	0	0	0	0	0	0	0	0	0	0	0	0	0	0	0.000000	0.000000	0

14	stdout	0	0	0	0	0	0	0	0	0	0	0	0	0	0	0	0	0	0	0	0	0	0	0	0	0	0	0	0	0	0	0	0.000000	0.000000	0

12	113	52	0	58	10	54	62	56	48	10	56	48	60	0	0	0	0	0	0	0	0	1	1	7	0	1	1	0	11	21	12	0	2.340500	2.561812	0

24	stdout	0	0	0	0	0	0	0	0	0	0	0	0	0	0	0	0	0	0	0	0	0	0	0	0	0	0	0	0	0	0	0	0.000000	0.000000	0

18	stdout	0	0	0	0	0	0	0	0	0	0	0	0	0	0	0	0	0	0	0	0	0	0	0	0	0	0	0	0	0	0	0	0.000000	0.000000	0

20	20	278	24	251	5	238	245	229	190	5	230	191	316	0	0	0	0	0	0	1	0	0	0	0	0	4	10	4	11	24	16	0	9.528438	11.817187	0

26	58	69	5	62	1	60	64	60	53	1	61	54	73	0	0	0	0	0	0	1	0	0	0	0	0	1	1	1	7	8	8	0	1.890625	2.252250	0

28	stdout	0	0	0	0	0	0	0	0	0	0	0	0	0	0	0	0	0	0	0	0	0	0	0	0	0	0	0	0	0	0	0	0.000000	0.000000	0

22	21	51	2	62	6	58	64	61	53	6	61	53	56	0	0	0	0	0	0	0	0	1	1	3	0	1	1	0	9	13	6	0	2.242875	2.370875	0

13	stdout	0	0	0	0	0	0	0	0	0	0	0	0	0	0	0	0	0	0	0	0	0	0	0	0	0	0	0	0	0	0	0	0.000000	0.000000	0

19	19	459	94	418	37	379	539	470	284	37	471	285	689	0	0	0	0	0	0	1	0	0	0	0	0	5	9	6	11	20	17	0	15.716750	28.483000	0

27	stdout	0	0	0	0	0	0	0	0	0	0	0	0	0	0	0	0	0	0	0	0	0	0	0	0	0	0	0	0	0	0	0	0.000000	0.000000	0

30	62	123	22	130	14	114	159	152	96	14	153	97	173	0	0	0	0	0	0	1	0	0	0	0	0	1	2	2	11	15	12	0	3.307000	5.221063	0

1	65	89	0	103	7	90	81	79	74	7	80	75	94	0	0	0	0	0	0	1	0	0	0	0	0	1	2	1	11	18	11	0	2.740562	2.874500	0

2	130	90	4	91	2	85	118	108	77	2	109	78	139	0	0	0	0	0	0	1	0	0	0	0	0	1	2	1	12	19	16	0	2.186750	2.859812	0

3	99	305	6	321	11	309	298	284	237	11	285	238	354	0	0	0	0	0	0	1	0	0	0	0	0	4	7	4	12	15	16	0	11.895625	13.489625	0

4	stdout	0	0	0	0	0	0	0	0	0	0	0	0	0	0	0	0	0	0	0	0	0	0	0	0	0	0	0	0	0	0	0	0.000000	0.000000	0

16	80	77	5	72	1	69	74	71	66	1	72	67	85	0	0	0	0	0	0	1	0	0	0	0	0	1	2	1	7	10	9	0	1.720438	2.137437	0

8	8	91	3	88	1	80	85	81	72	1	82	73	103	0	0	0	0	0	0	1	0	0	0	0	0	1	2	1	10	13	11	0	2.073875	2.502312	0

5	stdout	0	0	0	0	0	0	0	0	0	0	0	0	0	0	0	0	0	0	0	0	0	0	0	0	0	0	0	0	0	0	0	0.000000	0.000000	0

6	76	15	1	24	1	18	14	14	14	1	14	14	15	0	0	0	0	0	0	0	0	1	1	11	1	0	0	0	4	17	4	0	0.571750	0.667188	0

23	23	214	46	196	29	150	226	190	124	29	191	125	298	0	0	0	0	0	0	1	0	0	0	0	0	2	5	3	16	30	22	0	6.180313	11.060813	0

7	39	150	19	154	16	131	162	146	106	16	147	107	196	0	0	0	0	0	0	1	0	0	0	0	0	1	2	1	9	15	11	0	4.495063	6.934687	0

9	105	536	30	652	84	565	575	524	417	84	525	418	665	0	0	0	0	0	0	1	0	0	0	0	0	6	17	7	15	29	21	0	20.804500	27.274812	0

17	49	71	3	80	2	70	75	72	54	2	73	55	91	0	0	0	0	0	0	1	0	0	0	0	0	1	2	1	8	12	11	0	1.954625	2.384688	0

11	43	78	2	70	0	61	65	61	55	0	62	56	92	0	0	0	0	0	0	1	0	0	0	0	0	1	2	1	7	13	9	0	2.361750	2.787313	0

29	61	138	5	122	5	116	104	102	94	5	103	95	152	0	0	0	0	0	0	1	0	0	0	0	0	1	2	1	7	12	8	0	4.731687	5.634000	0

10	10	97	0	113	7	99	83	79	75	7	80	76	104	0	0	0	0	0	0	1	0	0	0	0	0	1	2	1	9	15	12	0	2.712375	2.903375	0

25	89	140	10	129	5	115	147	137	105	5	138	106	179	0	0	0	0	0	0	1	0	0	0	0	0	2	5	2	10	17	13	0	4.251375	5.495000	0

31	26	10	0	10	0	9	8	8	8	0	8	8	10	0	0	0	0	0	0	0	0	1	1	1	0	0	0	0	4	5	6	0	0.605062	0.605062	0

21	21	203	10	231	28	198	189	182	148	28	183	149	242	0	0	0	0	0	0	1	0	0	0	0	0	3	5	3	9	19	14	0	7.985625	10.163125	0

15	15	211	52	180	32	140	264	224	116	32	225	117	321	0	0	0	0	0	0	1	0	0	0	0	0	2	4	4	12	17	20	0	6.255937	11.533625	0

14	46	89	1	93	5	82	80	76	66	5	77	67	102	0	0	0	0	0	0	1	0	0	0	0	0	1	2	1	10	16	14	0	2.513000	2.732750	0

12	stdout	0	0	0	0	0	0	0	0	0	0	0	0	0	0	0	0	0	0	0	0	0	0	0	0	0	0	0	0	0	0	0	0.000000	0.000000	0

24	56	81	2	93	1	86	86	80	72	1	81	73	95	0	0	0	0	0	0	1	0	0	0	0	0	1	2	1	8	14	10	0	2.320875	2.815750	0

18	50	117	2	116	5	103	85	84	79	5	85	80	121	0	0	0	0	0	0	1	0	0	0	0	0	1	3	1	8	15	10	0	3.941063	4.161688	0

20	stdout	0	0	0	0	0	0	0	0	0	0	0	0	0	0	0	0	0	0	0	0	0	0	0	0	0	0	0	0	0	0	0	0.000000	0.000000	0

26	8	45	3	41	2	44	46	41	34	2	41	34	52	0	0	0	0	0	0	0	0	1	1	7	0	0	1	0	7	12	9	0	2.023938	2.632188	0

28	124	139	0	153	11	129	83	83	83	11	84	84	139	0	0	0	0	0	0	1	0	0	0	0	0	0	3	1	6	21	8	0	3.667562	3.667562	0

22	stdout	0	0	0	0	0	0	0	0	0	0	0	0	0	0	0	0	0	0	0	0	0	0	0	0	0	0	0	0	0	0	0	0.000000	0.000000	0

13	45	165	12	150	9	136	166	154	123	9	155	124	191	0	0	0	0	0	0	1	0	0	0	0	0	2	3	2	10	12	12	0	5.073437	6.497500	0

19	stdout	0	0	0	0	0	0	0	0	0	0	0	0	0	0	0	0	0	0	0	0	0	0	0	0	0	0	0	0	0	0	0	0.000000	0.000000	0

27	27	285	46	274	40	215	226	204	142	40	205	143	365	0	0	0	0	0	0	1	0	0	0	0	0	2	9	4	11	34	20	0	10.176312	15.146937	0

30	stdout	0	0	0	0	0	0	0	0	0	0	0	0	0	0	0	0	0	0	0	0	0	0	0	0	0	0	0	0	0	0	0	0.000000	0.000000	0

1	1	65	1	62	2	58	59	58	56	2	59	57	67	0	0	0	0	0	0	1	0	0	0	0	0	1	1	0	8	8	8	0	1.099000	1.131188	0

2	34	203	17	203	10	185	197	182	147	10	183	148	247	0	0	0	0	0	0	1	0	0	0	0	0	2	4	3	11	17	16	0	6.717375	8.557562	0

3	stdout	0	0	0	0	0	0	0	0	0	0	0	0	0	0	0	0	0	0	0	0	0	0	0	0	0	0	0	0	0	0	0	0.000000	0.000000	0

4	36	159	14	147	7	132	142	128	97	7	129	98	195	0	0	0	0	0	0	1	0	0	0	0	0	1	3	1	9	25	15	0	4.774438	6.015125	0

1	97	664	74	573	42	531	575	516	364	42	517	365	854	0	0	0	0	0	0	1	0	0	0	0	0	6	15	9	12	34	20	0	23.909688	33.869312	0

16	102	36	0	27	0	32	25	25	25	0	25	25	36	0	0	0	0	0	0	0	0	1	1	13	0	0	1	0	5	16	6	0	1.453313	1.453313	0

8	104	104	1	113	7	92	100	96	83	7	97	84	121	0	0	0	0	0	0	1	0	0	0	0	0	2	4	2	14	18	16	0	2.862687	3.382938	0

5	101	171	3	174	8	147	101	97	91	8	98	92	186	0	0	0	0	0	0	1	0	0	0	0	0	0	4	1	8	26	14	0	6.023937	6.610437	0

6	6	69	3	68	0	65	74	71	60	0	72	61	86	0	0	0	0	0	0	1	0	0	0	0	0	1	1	1	9	10	10	0	1.383625	1.564250	0

23	64	118	3	115	11	100	113	109	90	11	109	90	137	0	0	0	0	0	0	0	0	1	1	9	0	2	4	2	13	18	12	1	5.354375	5.973375	0

7	103	149	2	162	1	157	145	141	131	1	142	132	162	0	0	0	0	0	0	1	0	0	0	0	0	2	4	2	12	18	13	0	4.179938	4.510375	0

9	stdout	0	0	0	0	0	0	0	0	0	0	0	0	0	0	0	0	0	0	0	0	0	0	0	0	0	0	0	0	0	0	0	0.000000	0.000000	0

17	17	245	50	231	42	182	304	261	152	42	262	153	355	0	0	0	0	0	0	1	0	0	0	0	0	2	6	4	12	17	20	0	7.857062	12.880437	0

11	4	33	4	30	2	27	29	27	24	2	27	24	34	0	0	0	0	0	0	0	0	1	1	2	0	0	0	0	6	10	6	1	1.395875	1.577000	0

29	125	266	1	260	13	244	170	169	164	13	170	165	269	0	0	0	0	0	0	1	0	0	0	0	0	2	9	3	9	20	9	0	9.161875	9.314937	0

10	74	365	16	384	31	344	297	270	227	31	271	228	407	0	0	0	0	0	0	1	0	0	0	0	0	3	8	5	11	24	20	0	15.273687	17.801063	0

25	25	421	85	385	50	331	426	378	254	50	379	255	495	0	0	0	0	0	0	1	0	0	0	0	0	5	9	7	16	18	18	0	15.984312	23.599500	0

31	stdout	0	0	0	0	0	0	0	0	0	0	0	0	0	0	0	0	0	0	0	0	0	0	0	0	0	0	0	0	0	0	0	0.000000	0.000000	0

2	2	111	8	108	2	103	120	110	90	2	111	91	140	0	0	0	0	0	0	1	0	0	0	0	0	1	2	1	7	9	11	0	3.239000	3.932437	0

21	53	457	48	442	53	383	425	397	302	53	398	303	555	0	0	0	0	0	0	1	0	0	0	0	0	6	16	7	12	30	14	0	15.530000	22.143062	0

15	111	192	24	197	22	166	268	232	149	22	233	150	297	0	0	0	0	0	0	1	0	0	0	0	0	3	6	4	16	23	25	0	5.251625	8.459188	0

14	6	25	0	26	3	22	19	19	19	3	19	19	25	0	0	0	0	0	0	0	0	1	1	3	0	0	0	0	5	10	8	0	1.202063	1.202063	0

12	76	130	1	162	6	145	132	122	115	6	123	116	140	0	0	0	0	0	0	1	0	0	0	0	0	2	4	2	15	27	18	0	4.909937	5.530125	0

24	1	40	1	37	1	34	36	36	30	1	36	30	43	0	0	0	0	0	0	0	0	1	1	2	0	0	0	0	6	7	6	0	1.887063	2.047188	0

18	114	177	6	188	21	156	157	151	142	21	152	143	190	0	0	0	0	0	0	1	0	0	0	0	0	2	5	2	11	22	14	0	6.392563	6.997937	0

20	77	40	1	29	3	29	37	37	25	3	37	25	46	0	0	0	0	0	0	0	0	1	1	14	0	1	1	1	13	22	19	0	1.461812	1.680000	0

26	stdout	0	0	0	0	0	0	0	0	0	0	0	0	0	0	0	0	0	0	0	0	0	0	0	0	0	0	0	0	0	0	0	0.000000	0.000000	0

28	62	25	1	34	4	28	26	23	21	4	23	21	27	0	0	0	0	0	0	0	0	1	1	2	0	0	0	0	6	10	5	1	1.010438	1.158062	0

22	118	182	22	187	29	150	204	177	127	29	178	128	248	0	0	0	0	0	0	1	0	0	0	0	0	2	4	3	15	20	19	0	6.517563	9.487000	0

13	77	206	1	202	7	181	182	179	165	7	180	166	225	0	0	0	0	0	0	1	0	0	0	0	0	3	12	3	8	23	10	0	8.905875	9.199875	0

19	100	13	0	9	1	9	8	8	8	1	8	8	13	0	0	0	0	0	0	0	0	1	1	9	0	0	0	0	3	10	4	0	0.615813	0.615813	0

3	35	143	14	150	17	130	169	155	105	17	156	106	184	0	0	0	0	0	0	1	0	0	0	0	0	1	2	2	10	16	18	0	3.978375	5.356438	0

27	91	226	8	223	5	215	247	232	186	5	233	187	292	0	0	0	0	0	0	1	0	0	0	0	0	3	5	3	9	15	11	0	6.813500	9.043437	0

30	126	202	16	197	7	181	256	241	137	7	242	138	323	0	0	0	0	0	0	1	0	0	0	0	0	3	5	3	11	16	14	0	5.414937	7.840250	0

2	96	81	2	76	2	71	69	67	64	2	67	64	85	0	0	0	0	0	0	0	0	1	1	8	0	1	3	1	7	16	7	0	3.631000	3.953438	0

1	126	140	5	135	9	135	158	149	121	9	149	121	164	0	0	0	0	0	0	0	0	1	1	9	0	2	3	2	10	13	11	0	5.243812	6.191125	0

3	3	83	1	85	5	75	73	71	65	5	72	66	91	0	0	0	0	0	0	1	0	0	0	0	0	1	2	1	7	9	11	0	2.423500	2.650562	0

4	100	152	0	140	5	126	116	116	115	5	117	116	153	0	0	0	0	0	0	1	0	0	0	0	0	2	5	2	8	16	11	0	5.677750	5.721063	0

1	113	29	2	21	1	26	34	31	23	1	31	23	38	0	0	0	0	0	0	0	0	1	1	6	0	0	0	0	6	6	6	0	0.873000	1.168937	0

16	112	426	49	389	28	357	461	423	322	28	424	323	533	0	0	0	0	0	0	1	0	0	0	0	0	6	13	7	16	24	15	0	14.920750	21.454438	0

8	1	9	0	10	0	10	11	10	10	0	10	10	9	0	0	0	0	0	0	0	0	1	1	4	0	0	0	0	4	5	3	0	0.485375	0.485375	0

5	6	19	0	19	0	19	17	17	17	0	17	17	19	0	0	0	0	0	0	0	0	1	1	4	0	0	0	0	4	8	4	0	0.888375	0.888375	0

6	102	142	4	148	1	134	125	118	106	1	119	107	169	0	0	0	0	0	0	1	0	0	0	0	0	2	4	2	11	18	15	0	3.789875	4.266750	0

23	74	282	56	268	49	228	350	278	169	49	278	169	404	0	0	0	0	0	0	0	0	1	1	9	5	2	6	4	16	31	29	0	11.553000	20.258813	0

4	132	219	17	215	16	198	211	201	172	16	202	173	254	0	0	0	0	0	0	1	0	0	0	0	0	3	4	3	10	13	11	0	7.487063	9.604188	0

7	96	16	0	18	5	16	15	14	14	5	14	14	16	0	0	0	0	0	0	0	0	1	1	11	0	0	0	0	5	19	5	0	0.695562	0.695562	0

9	41	88	2	85	4	77	74	72	62	4	73	63	97	0	0	0	0	0	0	1	0	0	0	0	0	1	1	1	7	17	10	0	2.902563	3.261188	0

17	113	479	57	463	22	434	505	453	293	22	454	294	665	0	0	0	0	0	0	1	0	0	0	0	0	5	11	7	13	22	23	0	16.767875	23.193375	0

11	75	532	74	504	45	458	592	509	345	45	510	346	691	0	0	0	0	0	0	1	0	0	0	0	0	6	11	9	14	24	22	0	20.018438	28.273000	0

29	29	425	21	427	49	368	338	316	284	49	317	285	460	0	0	0	0	0	0	1	0	0	0	0	0	4	16	5	9	27	13	0	18.736625	21.006875	0

10	42	266	11	284	16	262	242	229	202	16	230	203	293	0	0	0	0	0	0	1	0	0	0	0	0	3	5	3	9	16	9	0	9.512375	10.909562	0

25	26	27	0	31	1	27	32	29	25	1	29	25	29	0	0	0	0	0	0	0	0	1	1	2	0	0	0	0	6	7	5	1	1.214687	1.268625	0

31	95	186	48	160	17	139	309	277	128	17	278	129	341	0	0	0	0	0	0	1	0	0	0	0	0	3	4	4	19	21	24	0	4.819937	10.486750	0

2	98	287	21	274	7	266	307	281	206	7	282	207	389	0	0	0	0	0	0	1	0	0	0	0	0	4	7	4	12	19	19	0	9.656875	12.876625	0

21	85	89	3	88	3	85	89	87	83	3	88	84	91	0	0	0	0	0	0	1	0	0	0	0	0	2	2	1	6	7	5	0	1.682062	1.804938	0

15	79	98	7	104	5	96	126	121	90	5	122	91	124	0	0	0	0	0	0	1	0	0	0	0	0	2	3	2	11	15	13	0	2.170500	2.900500	0

16	64	12	0	13	0	14	28	27	14	0	27	14	16	0	0	0	0	0	0	0	0	1	1	1	1	0	0	0	11	10	9	1	0.377563	0.454937	0

14	14	293	31	334	50	275	290	253	190	50	254	191	345	0	0	0	0	0	0	1	0	0	0	0	0	3	7	4	12	23	14	0	11.101125	14.585750	0

12	44	264	11	277	19	249	227	215	182	19	216	183	302	0	0	0	0	0	0	1	0	0	0	0	0	3	9	4	13	26	12	0	8.417813	9.958625	0

24	120	403	49	406	50	337	379	333	233	50	334	234	520	0	0	0	0	0	0	1	0	0	0	0	0	4	16	6	14	32	22	0	15.146187	21.567312	0

18	45	59	2	63	7	60	56	52	42	7	52	42	66	0	0	0	0	0	0	0	0	1	1	5	1	0	1	0	6	11	7	0	2.401625	2.783187	0

20	113	37	1	44	2	37	37	35	26	2	35	26	47	0	0	0	0	0	0	0	0	1	2	1	1	0	0	0	9	16	10	3	1.338000	1.780000	0

26	90	92	3	87	0	83	100	98	70	0	99	71	128	0	0	0	0	0	0	1	0	0	0	0	0	1	1	1	10	14	14	0	2.153938	2.573750	0

28	25	8	1	6	0	8	9	8	8	0	8	8	9	0	0	0	0	0	0	0	0	1	1	2	1	0	0	0	6	5	5	0	0.060750	0.063000	0

22	54	83	0	81	2	75	74	73	68	2	74	69	89	0	0	0	0	0	0	1	0	0	0	0	0	1	2	1	8	10	7	0	2.461688	2.612250	0

13	26	7	1	3	1	7	10	10	7	1	10	7	9	0	0	0	0	0	0	0	0	1	1	5	1	0	0	0	6	5	5	0	0.066875	0.157438	0

19	83	75	3	75	4	71	78	75	67	4	76	68	81	0	0	0	0	0	0	1	0	0	0	0	0	2	2	1	6	8	7	0	1.448438	1.491375	0

3	96	47	1	58	13	44	51	44	39	13	44	39	56	0	0	0	0	0	0	0	0	1	1	8	0	0	1	0	5	15	6	0	1.978875	2.535125	0

27	20	56	4	43	0	51	132	127	50	0	127	50	132	0	0	0	0	0	0	0	0	1	1	8	1	2	2	2	12	14	14	1	1.641625	2.431938	0

30	30	137	5	132	9	109	125	122	100	9	123	101	164	0	0	0	0	0	0	1	0	0	0	0	0	2	7	2	11	20	15	0	4.480375	4.738750	0

2	30	24	0	18	1	21	21	20	20	1	20	20	24	0	0	0	0	0	0	0	0	1	1	13	0	0	0	0	6	14	5	0	1.158562	1.158562	0

8	40	322	31	333	30	289	322	289	208	30	290	209	437	0	0	0	0	0	0	1	0	0	0	0	0	3	6	4	10	19	22	0	11.733313	16.694250	0

1	129	181	7	180	8	172	174	165	143	8	166	144	217	0	0	0	0	0	0	1	0	0	0	0	0	3	3	2	7	13	12	0	6.221063	8.378250	0

3	67	736	79	786	112	674	834	723	501	112	724	502	1011	0	0	0	0	0	0	1	0	0	0	0	0	7	19	9	14	34	24	0	27.277125	39.681375	0

4	44	67	0	70	4	66	51	51	51	4	51	51	67	0	0	0	0	0	0	0	0	1	1	9	0	0	2	0	6	19	7	0	2.560000	2.560000	0

1	33	443	40	440	41	399	449	410	317	41	411	318	536	0	0	0	0	0	0	1	0	0	0	0	0	5	9	6	11	19	13	0	16.553937	22.629625	0

16	111	127	15	111	12	106	143	135	98	12	135	98	153	0	0	0	0	0	0	0	0	1	1	7	1	2	2	2	16	26	20	0	5.198938	7.162187	0

8	80	28	0	33	1	33	33	32	32	1	32	32	28	0	0	0	0	0	0	0	0	1	1	2	0	0	0	0	4	6	3	0	0.600375	0.600375	0

5	133	224	10	234	22	211	178	175	164	22	176	165	226	0	0	0	0	0	0	1	0	0	0	0	0	2	5	2	8	16	10	0	8.203563	8.904500	0

6	118	79	0	82	7	82	72	70	66	7	70	66	80	0	0	0	0	0	0	0	0	1	1	8	0	1	1	0	6	13	8	0	4.043750	4.092250	0

23	2	30	0	34	1	36	36	36	33	1	36	33	33	0	0	0	0	0	0	0	0	1	1	3	1	1	0	0	8	8	6	0	0.845000	1.026063	0

5	94	41	2	56	13	43	44	40	39	13	40	39	41	0	0	0	0	0	0	0	0	1	1	10	2	0	1	0	11	19	11	0	1.928250	2.049688	0

4	39	340	31	361	55	313	334	300	235	55	300	235	410	0	0	0	0	0	0	0	0	1	1	7	0	3	6	3	11	17	12	0	13.245437	17.994187	0

7	38	19	3	17	0	20	22	22	19	0	22	19	22	0	0	0	0	0	0	0	0	1	1	3	3	0	0	0	6	7	6	0	0.314437	0.408125	0

9	54	32	2	24	1	25	25	21	19	1	21	19	33	0	0	0	0	0	0	0	0	1	1	4	0	0	0	0	4	8	7	0	1.184187	1.328750	0

17	81	102	4	106	6	100	112	110	94	6	111	95	112	0	0	0	0	0	0	1	0	0	0	0	0	2	3	1	8	7	7	0	2.060000	2.185938	0

11	103	188	8	213	18	199	287	265	166	18	265	166	280	0	0	0	0	0	0	0	0	1	1	4	2	3	5	3	15	22	18	0	6.186125	9.077875	0

29	93	775	85	829	98	731	723	613	470	98	614	471	984	0	0	0	0	0	0	1	0	0	0	0	0	6	17	9	16	26	21	0	31.841438	46.790125	0

10	38	92	1	102	11	93	74	70	65	11	70	65	99	0	0	0	0	0	0	0	0	1	1	5	0	0	1	0	9	16	12	0	3.945688	4.397312	0

25	80	27	6	31	9	23	37	35	23	9	35	23	30	0	0	0	0	0	0	0	0	1	1	1	0	0	0	0	7	6	6	0	0.112187	0.150375	0

31	127	196	20	202	18	182	258	245	153	18	246	154	292	0	0	0	0	0	0	1	0	0	0	0	0	3	5	4	10	14	17	0	6.629625	9.195125	0

2	14	84	3	92	17	83	90	85	69	17	85	69	96	0	0	0	0	0	0	0	0	1	1	9	0	1	1	1	7	11	9	0	4.079000	4.781438	0

21	91	36	1	33	1	34	39	39	32	1	39	32	40	0	0	0	0	0	0	0	0	1	1	2	0	0	0	0	6	6	7	0	1.170625	1.326750	0

15	75	11	0	11	0	12	20	19	11	0	19	11	20	0	0	0	0	0	0	0	0	1	1	1	1	0	0	0	3	6	5	0	0.352125	0.474125	0

6	38	391	52	365	27	333	411	369	266	27	370	267	502	0	0	0	0	0	0	1	0	0	0	0	0	3	7	4	9	18	12	0	13.671188	18.817688	0

16	48	342	23	361	35	326	285	258	189	35	259	190	392	0	0	0	0	0	0	1	0	0	0	0	0	4	9	6	8	19	14	0	13.116188	16.223125	0

14	91	30	0	32	1	32	29	28	28	1	28	28	30	0	0	0	0	0	0	0	0	1	1	3	0	0	0	0	6	10	6	0	0.908812	0.908812	0

12	114	98	1	104	7	102	106	103	99	7	103	99	99	0	0	0	0	0	0	0	0	1	1	11	0	1	3	1	9	18	8	0	4.194562	4.301812	0

24	24	547	82	544	80	464	546	480	320	80	481	321	655	0	0	0	0	0	0	1	0	0	0	0	0	6	12	8	16	23	18	0	22.011125	31.027812	0

18	125	20	0	14	0	16	16	16	14	0	16	14	21	0	0	0	0	0	0	0	0	1	1	3	0	0	0	0	6	7	7	0	0.815813	0.846063	0

20	76	342	39	363	37	342	499	441	268	37	441	268	491	0	0	0	0	0	0	0	0	1	1	16	0	5	11	6	19	26	22	0	12.928812	18.131375	0

26	17	14	0	13	0	17	14	13	13	0	13	13	14	0	0	0	0	0	0	0	0	1	1	7	0	0	0	0	5	8	5	0	0.704187	0.704187	0

28	28	592	56	637	82	555	544	491	383	82	492	384	688	0	0	0	0	0	0	1	0	0	0	0	0	6	13	8	14	23	18	0	23.687438	30.557188	0

22	31	15	0	13	0	16	15	15	11	0	15	11	18	0	0	0	0	0	0	0	0	1	1	4	0	0	0	0	6	9	8	1	0.594437	0.701625	0

13	0	66	1	69	0	72	69	69	67	0	69	67	68	0	0	0	0	0	0	0	0	1	1	3	1	1	1	1	5	10	5	0	2.466875	2.610813	0

19	105	79	20	73	14	62	116	100	51	14	100	51	101	0	0	0	0	0	0	0	0	1	1	3	0	0	1	1	13	21	17	1	2.265000	3.953750	0

23	87	136	6	139	6	133	145	143	124	6	144	125	151	0	0	0	0	0	0	1	0	0	0	0	0	3	4	2	9	12	10	0	2.924062	3.414125	0

3	131	202	13	218	13	205	239	226	190	13	227	191	232	0	0	0	0	0	0	1	0	0	0	0	0	3	5	3	13	16	15	0	7.336188	9.065312	0

27	79	53	11	57	10	50	70	68	49	10	68	49	62	0	0	0	0	0	0	0	0	1	1	3	0	1	1	1	8	7	6	0	0.909375	1.141750	0

30	94	270	24	299	45	244	348	314	206	45	315	207	391	0	0	0	0	0	0	1	0	0	0	0	0	4	8	4	15	22	18	0	9.885438	14.963125	0

2	66	680	112	647	71	576	720	627	393	71	628	394	893	0	0	0	0	0	0	1	0	0	0	0	0	6	15	9	18	29	23	0	26.186187	39.141000	0

8	23	313	16	325	46	296	308	277	233	46	277	233	356	0	0	0	0	0	0	0	0	1	1	17	0	3	12	4	11	28	13	0	13.790688	16.552125	0

1	24-init	4	0	1	0	1	1	1	1	0	2	2	4	0	0	0	0	0	0	1	0	0	0	0	0	0	0	0	1	0	0	0	0.001125	0.001125	0

3	26-init	4	0	1	0	1	1	1	1	0	2	2	4	0	0	0	0	0	0	1	0	0	0	0	0	0	0	0	1	0	0	0	0.001438	0.001438	0

4	68	663	79	658	71	587	690	596	473	71	597	474	771	0	0	0	0	0	0	1	0	0	0	0	0	6	15	7	14	25	16	0	25.570250	34.776750	0
Node 1: Cache Probes 3373, Cache Hits 3332, Cache Misses 41 Hit Ratio 98.78 percent

16	16	471	85	485	87	398	510	429	288	87	430	289	619	0	0	0	0	0	0	1	0	0	0	0	0	5	11	7	12	26	15	0	17.146875	27.400875	0

8	31-init	4	0	1	0	1	1	1	1	0	2	2	4	0	0	0	0	0	0	1	0	0	0	0	0	0	0	0	1	0	0	0	0.001250	0.001250	0

7	71	840	158	777	101	676	1007	848	501	101	849	502	1246	0	0	0	0	0	0	1	0	0	0	0	0	7	19	11	16	35	31	0	29.388938	50.798125	0

5	111	133	1	138	9	131	126	125	120	9	125	120	137	0	0	0	0	0	0	0	0	1	1	9	0	1	4	1	8	19	8	0	5.660125	5.932437	0

6	30	49	4	42	1	42	42	39	36	1	39	36	51	0	0	0	0	0	0	0	0	1	1	14	1	0	2	0	5	21	5	0	2.026312	2.320625	0

23	119	295	45	305	38	267	348	316	227	38	317	228	368	0	0	0	0	0	0	1	0	0	0	0	0	5	6	4	16	20	20	0	10.808188	15.812625	0

5	96	26	0	27	10	23	22	20	20	10	20	20	26	0	0	0	0	0	0	0	0	1	1	9	0	0	0	0	5	12	5	0	1.280750	1.280750	0

4	27-init	4	0	1	0	1	1	1	1	0	2	2	4	0	0	0	0	0	0	1	0	0	0	0	0	0	0	0	1	0	0	0	0.002000	0.002000	0

7	30-init	4	0	1	0	1	1	1	1	0	2	2	4	0	0	0	0	0	0	1	0	0	0	0	0	0	0	0	1	0	0	0	0.001250	0.001250	0

9	73	699	77	709	85	624	689	603	445	85	604	446	846	0	0	0	0	0	0	1	0	0	0	0	0	6	15	9	14	29	27	0	29.544062	39.506563	0

17	36	420	41	375	18	365	404	362	254	18	362	254	533	0	0	0	0	0	0	0	0	1	1	8	1	4	11	6	11	29	16	0	15.442562	21.304000	0

11	132	27	0	34	0	35	34	33	33	0	33	33	28	0	0	0	0	0	0	0	0	1	2	1	2	0	0	0	6	7	6	0	0.629875	0.633125	0

29	20-init	4	0	1	0	1	1	1	1	0	2	2	4	0	0	0	0	0	0	1	0	0	0	0	0	0	0	0	1	0	0	0	0.001125	0.001125	0

10	62	68	1	81	0	85	78	78	74	0	78	74	68	0	0	0	0	0	0	0	0	1	1	4	0	1	1	1	6	10	6	0	2.251063	2.289625	0

25	95	337	56	332	26	310	445	398	245	26	398	245	469	0	0	0	0	0	0	0	0	1	1	4	0	4	6	4	16	22	19	0	12.827438	20.481375	0

9	9	184	2	205	15	190	177	175	164	15	176	165	192	0	0	0	0	0	0	1	0	0	0	0	0	3	6	2	8	16	15	0	5.619562	6.131938	0

31	35	181	9	191	10	178	156	146	120	10	146	120	214	0	0	0	0	0	0	0	0	1	1	3	0	1	3	2	9	16	10	0	7.461563	9.075000	0

2	25-init	4	0	1	0	1	1	1	1	0	2	2	4	0	0	0	0	0	0	1	0	0	0	0	0	0	0	0	1	0	0	0	0.001563	0.001563	0

21	12-init	6	0	1	0	1	1	1	1	0	2	2	6	0	0	0	0	0	0	1	0	0	0	0	0	0	0	0	1	0	0	0	0.001563	0.001563	0

15	40	174	47	130	9	135	188	162	104	9	162	104	224	0	0	0	0	0	0	0	0	1	1	14	0	1	2	2	9	18	15	0	5.176250	9.772813	0

6	35	117	11	129	20	115	110	103	92	20	103	92	124	0	0	0	0	0	0	0	0	1	1	6	0	1	2	1	8	15	8	0	4.118500	5.005125	0

16	7-init	7	0	1	0	1	1	1	1	0	2	2	7	0	0	0	0	0	0	1	0	0	0	0	0	0	0	0	1	0	0	0	0.003750	0.003750	0

14	37	266	22	291	39	255	264	238	182	39	238	182	316	0	0	0	0	0	0	0	0	1	1	4	1	2	5	3	9	17	12	1	10.119188	13.127750	0

12	12	414	38	457	63	394	382	344	269	63	345	270	496	0	0	0	0	0	0	1	0	0	0	0	0	5	10	6	17	23	14	0	17.084563	22.821875	0

24	98	7	1	10	2	9	11	9	9	2	9	9	7	0	0	0	0	0	0	0	0	1	2	1	1	0	0	0	8	7	5	0	0.066063	0.076188	0

18	27	322	63	294	44	269	418	368	199	44	368	199	461	0	0	0	0	0	0	0	0	1	1	19	0	4	9	5	15	30	18	0	10.747250	18.180187	0

20	84	80	2	79	5	74	78	78	72	5	79	73	82	0	0	0	0	0	0	1	0	0	0	0	0	2	2	1	7	8	6	0	1.511750	1.570500	0

26	26	537	96	579	121	457	530	455	316	121	456	317	657	0	0	0	0	0	0	1	0	0	0	0	0	6	12	8	13	25	22	0	20.726563	31.452687	0

17	112	43	3	37	2	39	70	65	32	2	65	32	74	0	0	0	0	0	0	0	0	1	1	4	0	0	0	0	9	10	10	0	1.394625	2.057937	0

28	19-init	4	0	1	0	1	1	1	1	0	2	2	4	0	0	0	0	0	0	1	0	0	0	0	0	0	0	0	1	0	0	0	0.001063	0.001063	0

22	22	531	101	502	54	448	598	520	320	54	521	321	696	0	0	0	0	0	0	1	0	0	0	0	0	6	12	8	15	27	22	0	18.152000	28.703000	0

13	19	53	20	40	5	37	64	57	37	5	57	37	66	0	0	0	0	0	0	0	0	1	1	2	1	1	1	0	9	8	9	2	0.954688	2.667687	0

19	51	304	26	329	40	289	314	281	198	40	282	199	353	0	0	0	0	0	0	1	0	0	0	0	0	4	7	5	8	15	14	0	11.531437	14.711375	0

23	14-init	6	0	1	0	1	1	1	1	0	2	2	6	0	0	0	0	0	0	1	0	0	0	0	0	0	0	0	1	0	0	0	0.001625	0.001625	0

3	122	0	0	0	0	1	0	0	1	0	0	1	0	0	0	0	0	0	0	0	0	1	2	1	1	0	0	0	1	0	0	0	0.000063	0.000063	0

27	53	24	0	19	0	25	37	36	23	0	36	23	39	0	0	0	0	0	0	0	0	1	1	6	2	0	0	0	11	11	12	0	0.440188	0.716625	0

30	34	217	20	222	25	204	227	205	165	25	205	165	250	0	0	0	0	0	0	0	0	1	1	8	0	2	4	2	12	16	14	0	8.518437	10.864125	0
Node 2: Cache Probes 3414, Cache Hits 3358, Cache Misses 56 Hit Ratio 98.36 percent

8	136	79	2	80	2	78	84	83	76	2	84	77	87	0	0	0	0	0	0	1	0	0	0	0	0	2	2	1	12	13	13	0	1.159687	1.345750	0
Migration Count Node 1: Migrations In 2, Migrations Out 2, Routing Faults 5, States Out 0, States In 0, States Not Sent 0
Node 3: Cache Probes 3702, Cache Hits 3658, Cache Misses 44 Hit Ratio 98.81 percent

11	2-init	7	0	1	0	1	1	1	1	0	2	2	7	0	0	0	0	0	0	1	0	0	0	0	0	0	0	0	1	0	0	0	0.001813	0.001813	0
Node 4: Cache Probes 3564, Cache Hits 3520, Cache Misses 44 Hit Ratio 98.77 percent
Load Stats: Cycles 21, Imbalances 2, Phase Not Chosen 0
Node 16: Cache Probes 3267, Cache Hits 3218, Cache Misses 49 Hit Ratio 98.50 percent

8	72	647	79	676	105	571	778	675	423	105	676	424	886	0	0	0	0	0	0	1	0	0	0	0	0	6	12	9	17	28	24	0	25.775750	36.761688	0

7	135	23	0	29	1	28	28	28	28	1	29	29	23	0	0	0	0	0	0	1	0	0	0	0	0	1	1	0	6	6	4	0	0.254875	0.254875	0

5	5	142	6	146	2	144	144	138	128	2	139	129	153	0	0	0	0	0	0	1	0	0	0	0	0	2	3	1	7	8	9	0	4.293250	5.149687	0

6	70	707	129	725	132	593	770	667	438	132	668	439	941	0	0	0	0	0	0	1	0	0	0	0	0	6	13	8	11	23	20	0	25.834625	40.807063	0

23	55	152	3	145	3	142	148	141	125	3	142	126	173	0	0	0	0	0	0	1	0	0	0	0	0	3	3	2	6	9	10	0	5.103625	5.587187	0

5	69	672	83	692	115	577	701	592	416	115	593	417	874	0	0	0	0	0	0	1	0	0	0	0	0	5	13	7	12	22	17	0	26.462000	40.340750	0
Migration Count Node 4: Migrations In 2, Migrations Out 5, Routing Faults 16, States Out 1, States In 0, States Not Sent 0

7	49	185	6	205	15	198	136	133	123	15	133	123	188	0	0	0	0	0	0	0	0	1	1	8	2	2	5	2	6	14	10	0	8.278500	8.657500	0

9	0-init	8	0	1	0	1	1	1	1	0	2	2	8	0	0	0	0	0	0	1	0	0	0	0	0	0	0	0	1	1	0	0	0.002125	0.002125	0
Node 29: Cache Probes 3489, Cache Hits 3452, Cache Misses 37 Hit Ratio 98.94 percent

17	42	49	5	46	3	49	64	61	45	3	61	45	60	0	0	0	0	0	0	0	0	1	1	6	3	0	0	0	10	13	12	0	1.339187	1.942000	0

11	11	276	23	272	23	249	263	241	198	23	242	199	324	0	0	0	0	0	0	1	0	0	0	0	0	4	6	4	9	13	11	0	11.734063	15.120062	0
Migration Count Node 29: Migrations In 0, Migrations Out 3, Routing Faults 9, States Out 0, States In 0, States Not Sent 0

10	106	706	95	742	84	658	714	615	439	84	616	440	898	0	0	0	0	0	0	1	0	0	0	0	0	7	15	9	14	27	19	0	26.107750	39.960625	0

25	16-init	4	0	1	0	1	1	1	1	0	2	2	4	0	0	0	0	0	0	1	0	0	0	0	0	0	0	0	1	0	0	0	0.001188	0.001188	0
Node 9: Cache Probes 3603, Cache Hits 3558, Cache Misses 45 Hit Ratio 98.75 percent

31	25	14	0	12	1	13	13	13	12	1	13	12	14	0	0	0	0	0	0	0	0	1	1	4	0	0	0	0	5	5	5	0	0.658062	0.660375	0
Migration Count Node 2: Migrations In 3, Migrations Out 7, Routing Faults 17, States Out 0, States In 0, States Not Sent 0

21	90	163	1	178	7	175	164	158	150	7	158	150	173	0	0	0	0	0	0	0	0	1	1	4	0	3	4	2	8	11	8	0	5.395562	5.899375	0

15	127	23	0	27	1	28	29	29	28	1	29	28	24	0	0	0	0	0	0	0	0	1	1	2	0	0	0	0	6	6	6	0	0.324937	0.328188	0

6	29-init	4	0	1	0	1	1	1	1	0	2	2	4	0	0	0	0	0	0	1	0	0	0	0	0	0	0	0	1	0	0	0	0.001688	0.001688	0

10	1-init	7	0	1	0	1	1	1	1	0	2	2	7	0	0	0	0	0	0	1	0	0	0	0	0	0	0	0	1	0	0	0	0.002000	0.002000	0
Migration Count Node 16: Migrations In 3, Migrations Out 3, Routing Faults 4, States Out 0, States In 1, States Not Sent 0

14	78	159	11	155	20	135	162	155	130	20	156	131	174	0	0	0	0	0	0	1	0	0	0	0	0	3	5	2	10	13	11	0	3.472125	3.819313	0

12	133	25	0	27	0	28	29	29	28	0	29	28	25	0	0	0	0	0	0	0	0	1	1	1	0	0	0	0	7	7	5	1	0.542312	0.543438	0

24	3	60	3	61	2	64	63	61	59	2	61	59	62	0	0	0	0	0	0	0	0	1	1	5	0	1	1	0	6	10	5	0	2.081000	2.310000	0

18	82	77	2	80	2	78	75	75	72	2	76	73	78	0	0	0	0	0	0	1	0	0	0	0	0	2	2	1	6	6	6	0	1.382187	1.393188	0

20	116	395	29	388	24	364	378	345	267	24	346	268	483	0	0	0	0	0	0	1	0	0	0	0	0	5	10	7	11	18	17	0	14.611000	19.119438	0

26	122	403	28	419	52	366	421	391	306	52	392	307	504	0	0	0	0	0	0	1	0	0	0	0	0	6	10	7	20	23	17	0	15.088313	19.823375	0

17	8-init	7	0	1	0	1	1	1	1	0	2	2	7	0	0	0	0	0	0	1	0	0	0	0	0	0	0	0	1	0	0	0	0.002000	0.002000	0

28	60	219	11	222	5	217	184	176	162	5	177	163	227	0	0	0	0	0	0	1	0	0	0	0	0	3	5	3	7	17	13	0	7.986750	8.951500	0

22	86	109	3	118	7	111	116	113	100	7	114	101	120	0	0	0	0	0	0	1	0	0	0	0	0	2	3	2	7	8	6	0	2.317375	2.513063	0

13	13	262	18	249	16	233	244	227	194	16	228	195	312	0	0	0	0	0	0	1	0	0	0	0	0	4	6	4	9	15	13	0	10.801063	14.083937	0

19	115	401	17	416	27	389	362	333	277	27	334	278	456	0	0	0	0	0	0	1	0	0	0	0	0	5	10	7	12	24	16	0	15.523750	18.026812	0

23	124	323	31	307	16	304	339	319	238	16	319	238	397	0	0	0	0	0	0	0	0	1	1	13	0	5	8	5	15	23	19	0	11.666375	15.829313	0

25	121	369	40	359	26	333	415	380	277	26	381	278	485	0	0	0	0	0	0	1	0	0	0	0	0	6	9	6	13	18	18	0	12.722000	18.413312	0
Migration Count Node 3: Migrations In 3, Migrations Out 5, Routing Faults 21, States Out 2, States In 0, States Not Sent 0

27	50	233	23	230	15	223	183	168	118	15	168	118	263	0	0	0	0	0	0	0	0	1	1	8	0	2	5	4	8	19	16	0	9.688187	12.112063	0

30	98	52	2	57	2	55	69	67	54	2	67	54	63	0	0	0	0	0	0	0	0	1	2	1	1	0	0	0	7	8	7	0	1.952375	2.493187	0
Load Stats: Cycles 21, Imbalances 7, Phase Not Chosen 0
Node 8: Cache Probes 3615, Cache Hits 3569, Cache Misses 46 Hit Ratio 98.73 percent
Page Fault Node	1:	0
Load Stats: Cycles 21, Imbalances 5, Phase Not Chosen 0

11	107	479	39	360	29	331	420	391	319	29	392	320	552	0	0	0	0	0	0	1	0	0	0	0	0	6	9	8	14	17	19	0	18.660312	23.177063	0
Load Stats: Cycles 21, Imbalances 6, Phase Not Chosen 1
TW node	1	Cluster node	1	Mach node	192	Physical node	0xffffdeb8
Load Stats: Cycles 21, Imbalances 3, Phase Not Chosen 0
Migration Count Node 8: Migrations In 3, Migrations Out 5, Routing Faults 11, States Out 0, States In 0, States Not Sent 0

7	14	4	0	10	3	8	13	11	8	3	11	8	5	0	0	0	0	0	0	0	0	1	2	1	2	0	0	0	6	5	4	0	0.016750	0.023813	0

31	6	45	0	44	1	47	49	49	46	1	49	46	48	0	0	0	0	0	0	0	0	1	1	4	0	1	0	0	5	6	6	0	1.602125	1.610250	0

5	28-init	4	0	1	0	1	1	1	1	0	2	2	4	0	0	0	0	0	0	1	0	0	0	0	0	0	0	0	1	0	0	0	0.001250	0.001250	0

6	134	23	0	27	0	27	31	30	27	0	31	28	30	0	0	0	0	0	0	1	0	0	0	0	0	1	0	0	6	6	8	0	0.217250	0.284250	0
Node 23: Cache Probes 3499, Cache Hits 3453, Cache Misses 46 Hit Ratio 98.69 percent

5	45	47	0	52	2	51	50	50	47	2	50	47	50	0	0	0	0	0	0	0	0	1	1	1	0	0	1	0	8	8	6	0	1.208438	1.233688	0
Page Fault Node	4:	0

7	8	49	2	54	0	56	53	53	52	0	53	52	49	0	0	0	0	0	0	0	0	1	1	2	0	1	1	0	5	6	5	1	1.539125	1.660688	0
Migration Count Node 9: Migrations In 2, Migrations Out 4, Routing Faults 11, States Out 2, States In 0, States Not Sent 0
Load Stats: Cycles 21, Imbalances 5, Phase Not Chosen 2

17	100	111	4	98	8	98	132	129	91	8	129	91	149	0	0	0	0	0	0	0	0	1	1	8	0	2	3	2	8	15	11	0	4.729500	6.001375	0
Node 11: Cache Probes 3406, Cache Hits 3365, Cache Misses 41 Hit Ratio 98.80 percent

21	117	536	70	504	62	442	519	466	335	62	467	336	664	0	0	0	0	0	0	1	0	0	0	0	0	6	20	8	16	32	25	0	20.162500	29.263938	0
Page Fault Node	29:	0
Node 10: Cache Probes 3591, Cache Hits 3548, Cache Misses 43 Hit Ratio 98.80 percent

25	57	189	16	176	12	164	179	168	136	12	169	137	222	0	0	0	0	0	0	1	0	0	0	0	0	3	4	3	8	13	9	0	6.974000	8.828687	0
Load Stats: Cycles 21, Imbalances 6, Phase Not Chosen 2

31	63	123	7	108	5	103	138	132	101	5	133	102	174	0	0	0	0	0	0	1	0	0	0	0	0	2	3	3	9	12	18	0	3.411062	4.098813	0
Page Fault Node	2:	0

21	104	187	8	175	8	181	231	211	168	8	211	168	230	0	0	0	0	0	0	0	0	1	1	14	0	3	10	3	17	27	16	0	7.451437	9.033062	0

15	47	302	40	284	20	264	293	261	187	20	262	188	363	0	0	0	0	0	0	1	0	0	0	0	0	4	7	5	9	16	14	0	9.852875	14.309625	0
Node 6: Cache Probes 3689, Cache Hits 3644, Cache Misses 45 Hit Ratio 98.78 percent
Migration Count Node 10: Migrations In 2, Migrations Out 4, Routing Faults 13, States Out 0, States In 0, States Not Sent 0
Page Fault Node	16:	0

15	6-init	7	0	1	0	1	1	1	1	0	2	2	7	0	0	0	0	0	0	1	0	0	0	0	0	0	0	0	1	0	0	0	0.001813	0.001813	0

14	110	685	74	778	109	669	786	655	456	109	656	457	934	0	0	0	0	0	0	1	0	0	0	0	0	8	17	10	17	29	22	0	26.578563	41.128188	0

12	108	535	60	447	52	395	543	478	348	52	479	349	653	0	0	0	0	0	0	1	0	0	0	0	0	6	10	8	13	19	20	0	21.342125	29.884438	0

24	88	145	7	139	11	128	136	131	116	11	132	117	156	0	0	0	0	0	0	1	0	0	0	0	0	3	4	2	9	12	11	0	3.161250	3.462250	0

18	37	6	0	6	0	7	6	6	7	0	6	7	6	0	0	0	0	0	0	0	0	1	2	1	1	0	0	0	4	4	3	0	0.158750	0.158750	0

20	11-init	6	0	1	0	1	1	1	1	0	2	2	6	0	0	0	0	0	0	1	0	0	0	0	0	0	0	0	1	0	0	0	0.001688	0.001688	0

26	99	10	1	12	1	12	13	13	11	1	13	11	12	0	0	0	0	0	0	0	0	1	2	1	1	0	0	0	6	5	4	0	0.103563	0.149125	0
Node 17: Cache Probes 3185, Cache Hits 3135, Cache Misses 50 Hit Ratio 98.43 percent

28	89	84	0	79	0	88	84	84	81	0	84	81	87	0	0	0	0	0	0	0	0	1	1	9	0	1	4	1	6	17	7	0	2.532938	2.617500	0

22	65	406	50	426	43	389	493	427	278	43	427	278	524	0	0	0	0	0	0	0	0	1	1	6	1	5	9	6	16	20	16	0	16.073875	22.147250	0

13	109	602	86	676	66	610	779	682	451	66	683	452	808	0	0	0	0	0	0	1	0	0	0	0	0	8	15	9	14	28	20	0	20.679875	32.858250	0

19	10-init	6	0	1	0	1	1	1	1	0	2	2	6	0	0	0	0	0	0	1	0	0	0	0	0	0	0	0	1	0	0	0	0.001625	0.001625	0

24	15-init	4	0	1	0	1	1	1	1	0	2	2	4	0	0	0	0	0	0	1	0	0	0	0	0	0	0	0	1	0	0	0	0.001375	0.001375	0
Migration Count Node 23: Migrations In 4, Migrations Out 2, Routing Faults 8, States Out 0, States In 1, States Not Sent 0
Node 25: Cache Probes 3308, Cache Hits 3256, Cache Misses 52 Hit Ratio 98.43 percent
Page Fault Node	3:	0

27	44	51	2	47	2	54	89	86	48	2	86	48	83	0	0	0	0	0	0	0	0	1	1	9	0	1	1	1	10	12	9	0	1.106188	1.576938	0

30	101	587	67	540	68	491	455	375	273	68	375	273	717	0	0	0	0	0	0	0	0	1	1	19	0	4	15	8	14	27	22	0	25.138687	34.854875	0
TW node	2	Cluster node	2	Mach node	124	Physical node	0xffffdeb8
Load Stats: Cycles 21, Imbalances 6, Phase Not Chosen 1
Node 1: max msg buffs allocated to free pool = 500
TW node	3	Cluster node	3	Mach node	116	Physical node	0xffffdeb8
Migration Count Node 11: Migrations In 3, Migrations Out 3, Routing Faults 5, States Out 0, States In 1, States Not Sent 0
TW node	4	Cluster node	4	Mach node	114	Physical node	0xffffdeb8
Node 1: num msg buffs released from free pool = 0

14	5-init	7	0	1	0	1	1	1	1	0	2	2	7	0	0	0	0	0	0	1	0	0	0	0	0	0	0	0	1	0	0	0	0.001875	0.001875	0
TW node	16	Cluster node	16	Mach node	198	Physical node	0xffffdeb8
Page Fault Node	8:	0

7	7	174	4	173	5	168	163	156	146	5	157	147	188	0	0	0	0	0	0	1	0	0	0	0	0	3	4	2	9	14	9	0	5.239687	6.045937	0

31	94	228	30	230	42	198	282	239	155	42	239	155	297	0	0	0	0	0	0	0	0	1	1	10	0	2	4	3	12	21	16	0	9.776063	14.495062	0
Node 5: Cache Probes 3775, Cache Hits 3728, Cache Misses 47 Hit Ratio 98.75 percent
Migration Count Node 6: Migrations In 4, Migrations Out 6, Routing Faults 18, States Out 0, States In 0, States Not Sent 0
Load Stats: Cycles 21, Imbalances 2, Phase Not Chosen 0
Migration Count Node 5: Migrations In 5, Migrations Out 7, Routing Faults 18, States Out 1, States In 0, States Not Sent 0
Node 4: max msg buffs allocated to free pool = 500
Node 7: Cache Probes 3586, Cache Hits 3538, Cache Misses 48 Hit Ratio 98.66 percent
Page Fault Node	9:	0
TW node	29	Cluster node	29	Mach node	32	Physical node	0xffffdeb8
Migration Count Node 17: Migrations In 4, Migrations Out 3, Routing Faults 6, States Out 0, States In 0, States Not Sent 0
Load Stats: Cycles 21, Imbalances 4, Phase Not Chosen 1
Node 21: Cache Probes 3643, Cache Hits 3593, Cache Misses 50 Hit Ratio 98.63 percent

12	3-init	7	0	1	0	1	1	1	1	0	2	2	7	0	0	0	0	0	0	1	0	0	0	0	0	0	0	0	1	0	0	0	0.001938	0.001938	0
Node 29: max msg buffs allocated to free pool = 500
Load Stats: Cycles 21, Imbalances 4, Phase Not Chosen 0
Migration Count Node 25: Migrations In 3, Migrations Out 3, Routing Faults 4, States Out 0, States In 1, States Not Sent 0
TW node	9	Cluster node	9	Mach node	200	Physical node	0xffffdeb8

31	22-init	4	0	1	0	1	1	1	1	0	2	2	4	0	0	0	0	0	0	1	0	0	0	0	0	0	0	0	1	0	0	0	0.001125	0.001125	0
Node 2: max msg buffs allocated to free pool = 500
Migration Count Node 21: Migrations In 3, Migrations Out 2, Routing Faults 7, States Out 0, States In 0, States Not Sent 0

15	54	49	2	41	0	43	44	43	38	0	43	38	52	0	0	0	0	0	0	0	0	1	1	2	0	1	0	0	6	6	7	0	1.899000	2.053187	0
Load Stats: Cycles 21, Imbalances 7, Phase Not Chosen 1
Page Fault Node	10:	0
Node 16: max msg buffs allocated to free pool = 500

20	52	435	62	409	47	362	437	393	259	47	394	260	532	0	0	0	0	0	0	1	0	0	0	0	0	6	9	7	12	22	17	0	15.818437	22.643937	0

15	10	190	9	199	16	190	196	184	150	16	184	150	214	0	0	0	0	0	0	0	0	1	1	7	2	3	5	3	9	15	11	0	7.649687	8.933312	0
Node 14: Cache Probes 3665, Cache Hits 3613, Cache Misses 52 Hit Ratio 98.58 percent
Node 12: Cache Probes 3379, Cache Hits 3335, Cache Misses 44 Hit Ratio 98.70 percent

24	125	48	3	47	3	45	56	52	42	3	52	42	58	0	0	0	0	0	0	0	0	1	2	1	1	1	0	0	9	9	9	0	1.046750	1.302687	0

18	1	32	0	41	3	42	40	40	40	3	40	40	33	0	0	0	0	0	0	0	0	1	1	4	1	1	1	0	7	8	6	0	0.797937	0.886187	0
Node 20: Cache Probes 3500, Cache Hits 3453, Cache Misses 47 Hit Ratio 98.66 percent

26	114	134	7	139	9	136	167	147	108	9	147	108	184	0	0	0	0	0	0	0	0	1	1	6	1	2	3	2	14	21	16	0	5.645250	8.210625	0
Load Stats: Cycles 21, Imbalances 3, Phase Not Chosen 0

28	92	586	52	649	57	592	580	527	391	57	528	392	748	0	0	0	0	0	0	1	0	0	0	0	0	6	15	7	12	26	15	0	19.826625	27.811438	0

22	56	160	7	170	14	162	130	127	110	14	127	110	168	0	0	0	0	0	0	0	0	1	1	6	2	2	3	2	8	15	11	0	6.743500	7.326375	0

13	17	63	3	70	8	65	63	62	59	8	62	59	63	0	0	0	0	0	0	0	0	1	1	3	1	1	1	1	8	13	8	0	2.855812	2.964937	0

19	43	164	10	130	5	134	164	156	120	5	156	120	188	0	0	0	0	0	0	0	0	1	1	9	0	2	5	2	8	13	10	0	6.026313	7.107625	0

18	18	571	97	604	123	481	590	510	321	123	511	322	730	0	0	0	0	0	0	1	0	0	0	0	0	6	11	8	13	21	14	0	21.694500	32.838938	0

24	118	36	0	41	2	40	36	36	35	2	36	35	36	0	0	0	0	0	0	0	0	1	1	1	0	0	0	0	5	8	8	0	1.490375	1.491500	0
Page Fault Node	23:	0
Load Stats: Cycles 21, Imbalances 3, Phase Not Chosen 0
Node 3: Limited jump forward saved 1 state transmissions

27	59	155	3	156	9	147	130	126	115	9	127	116	168	0	0	0	0	0	0	1	0	0	0	0	0	2	3	2	7	11	8	0	5.482812	6.069438	0

30	21-init	4	0	1	0	1	1	1	1	0	2	2	4	0	0	0	0	0	0	1	0	0	0	0	0	0	0	0	1	0	0	0	0.001188	0.001188	0
Node 2: num msg buffs released from free pool = 0
TW node	8	Cluster node	8	Mach node	204	Physical node	0xffffdeb8
Node 1: Max Local Time 42068812 for Object 97
Node 3: max msg buffs allocated to free pool = 500
Page Fault Node	11:	0

26	15	114	11	116	7	117	121	115	100	7	115	100	127	0	0	0	0	0	0	0	0	1	1	8	0	2	2	1	7	10	8	0	4.979750	5.981875	0
Node 4: num msg buffs released from free pool = 0
Node 1: No home ask needed for pending entry 0 times
Migration Count Node 14: Migrations In 3, Migrations Out 5, Routing Faults 13, States Out 0, States In 1, States Not Sent 0
Node 16: num msg buffs released from free pool = 0
Node 8: max msg buffs allocated to free pool = 500
Migration Count Node 7: Migrations In 5, Migrations Out 3, Routing Faults 7, States Out 0, States In 1, States Not Sent 0

31	41	313	24	340	37	307	329	293	232	37	293	232	362	0	0	0	0	0	0	0	0	1	1	4	0	4	6	4	14	18	16	0	11.840125	14.766687	0
Load Stats: Cycles 21, Imbalances 7, Phase Not Chosen 0
Page Fault Node	6:	0
TW node	23	Cluster node	23	Mach node	252	Physical node	0xffffdeb8
Page Fault Node	5:	0
Node 28: Cache Probes 3752, Cache Hits 3710, Cache Misses 42 Hit Ratio 98.88 percent
Load Stats: Cycles 21, Imbalances 4, Phase Not Chosen 1
Node 4: Max Local Time 42112500 for Object 39
Node 9: max msg buffs allocated to free pool = 500
Node 29: num msg buffs released from free pool = 0
Page Fault Node	17:	0
TW node	11	Cluster node	11	Mach node	6	Physical node	0xffffdeb8
Load Stats: Cycles 21, Imbalances 2, Phase Not Chosen 0
Migration Count Node 12: Migrations In 3, Migrations Out 4, Routing Faults 13, States Out 3, States In 1, States Not Sent 0
Node 29: Max Local Time 42020500 for Object 93
TW node	10	Cluster node	10	Mach node	112	Physical node	0xffffdeb8
Page Fault Node	25:	0
Node 9: num msg buffs released from free pool = 0
Node 31: Cache Probes 3581, Cache Hits 3529, Cache Misses 52 Hit Ratio 98.55 percent

22	13-init	6	0	1	0	1	1	1	1	0	2	2	6	0	0	0	0	0	0	1	0	0	0	0	0	0	0	0	1	0	0	0	0.001563	0.001563	0
Node 2: Max Local Time 41643312 for Object 66
Page Fault Node	21:	0

15	58	166	20	176	13	164	157	143	108	13	143	108	186	0	0	0	0	0	0	0	0	1	1	1	0	2	4	2	9	17	11	3	6.482563	8.369188	0
TW node	6	Cluster node	6	Mach node	210	Physical node	0xffffdeb8
Node 10: max msg buffs allocated to free pool = 500
Node 16: Max Local Time 41056000 for Object 64
Migration Count Node 20: Migrations In 3, Migrations Out 3, Routing Faults 6, States Out 1, States In 3, States Not Sent 0

15	120	72	6	43	2	60	81	72	52	2	72	52	101	0	0	0	0	0	0	0	0	1	1	19	2	1	3	1	13	21	18	0	2.545000	4.236187	0
Load Stats: Cycles 21, Imbalances 5, Phase Not Chosen 0
Load Stats: Cycles 21, Imbalances 5, Phase Not Chosen 1

24	102	129	21	107	8	110	232	216	92	8	216	92	256	0	0	0	0	0	0	0	0	1	1	11	0	2	3	3	19	21	22	1	3.475938	7.162063	0

18	9-init	6	0	1	0	1	1	1	1	0	2	2	6	0	0	0	0	0	0	1	0	0	0	0	0	0	0	0	1	0	0	0	0.001688	0.001688	0

13	34	34	6	34	3	32	53	46	31	3	46	31	50	0	0	0	0	0	0	0	0	1	1	1	1	0	0	0	9	14	7	0	1.135250	1.878313	0
Load Stats: Cycles 21, Imbalances 3, Phase Not Chosen 0

26	17-init	4	0	1	0	1	1	1	1	0	2	2	4	0	0	0	0	0	0	1	0	0	0	0	0	0	0	0	1	0	0	0	0.001188	0.001188	0
TW node	17	Cluster node	17	Mach node	108	Physical node	0xffffdeb8
Migration Count Node 28: Migrations In 3, Migrations Out 2, Routing Faults 8, States Out 0, States In 1, States Not Sent 0
Node 22: Cache Probes 3430, Cache Hits 3378, Cache Misses 52 Hit Ratio 98.48 percent

13	4-init	7	0	1	0	1	1	1	1	0	2	2	7	0	0	0	0	0	0	1	0	0	0	0	0	0	0	0	1	0	0	0	0.001813	0.001813	0
Node 19: Cache Probes 3296, Cache Hits 3255, Cache Misses 41 Hit Ratio 98.76 percent

18	130	136	9	143	7	140	132	128	115	7	128	115	146	0	0	0	0	0	0	0	0	1	1	4	0	2	3	2	10	18	11	0	5.040063	6.048438	0
Node 24: Cache Probes 3425, Cache Hits 3375, Cache Misses 50 Hit Ratio 98.54 percent
Node 23: max msg buffs allocated to free pool = 500
TW node	25	Cluster node	25	Mach node	8	Physical node	0xffffdeb8
Migration Count Node 19: Migrations In 3, Migrations Out 2, Routing Faults 4, States Out 2, States In 1, States Not Sent 0
Node 3: num msg buffs released from free pool = 0

27	18-init	4	0	1	0	1	1	1	1	0	2	2	4	0	0	0	0	0	0	1	0	0	0	0	0	0	0	0	1	0	0	0	0.001250	0.001250	0
Node 30: Cache Probes 3559, Cache Hits 3513, Cache Misses 46 Hit Ratio 98.71 percent
Node 2: No home ask needed for pending entry 1 times
Node 8: num msg buffs released from free pool = 0
Node 1: Objects blocked 0 times
Node 3: Max Local Time 41859937 for Object 67
Node 11: max msg buffs allocated to free pool = 500

26	30	20	0	8	0	17	27	26	17	0	26	17	29	0	0	0	0	0	0	0	0	1	1	9	0	0	0	0	9	9	9	0	0.840000	1.178187	0
Node 4: No home ask needed for pending entry 1 times

27	31	41	2	47	1	47	81	73	44	1	73	44	75	0	0	0	0	0	0	0	0	1	2	1	1	1	1	0	13	14	13	0	1.704625	3.016812	0
Node 1: Homeasks sent 33 Homeasks received 57
Page Fault Node	14:	0
Node 16: No home ask needed for pending entry 0 times
Node 8: Max Local Time 42448062 for Object 23
Page Fault Node	7:	0
Migration Count Node 31: Migrations In 6, Migrations Out 6, Routing Faults 17, States Out 2, States In 0, States Not Sent 0
TW node	5	Cluster node	5	Mach node	212	Physical node	0xffffdeb8
Node 6: max msg buffs allocated to free pool = 500
Node 23: num msg buffs released from free pool = 0
Node 5: max msg buffs allocated to free pool = 500
Load Stats: Cycles 21, Imbalances 2, Phase Not Chosen 0
Migration Count Node 30: Migrations In 3, Migrations Out 6, Routing Faults 14, States Out 1, States In 0, States Not Sent 0
TW node	7	Cluster node	7	Mach node	208	Physical node	0xffffdeb8
Node 4: Objects blocked 0 times
Node 9: Max Local Time 42004625 for Object 73
Node 29: No home ask needed for pending entry 2 times
Node 17: max msg buffs allocated to free pool = 500
Node 11: num msg buffs released from free pool = 0
TW node	21	Cluster node	21	Mach node	224	Physical node	0xffffdeb8
Page Fault Node	12:	0
Node 29: Objects blocked 0 times
Node 10: num msg buffs released from free pool = 0
Node 25: max msg buffs allocated to free pool = 500
Node 9: No home ask needed for pending entry 1 times
Load Stats: Cycles 21, Imbalances 7, Phase Not Chosen 1
Migration Count Node 22: Migrations In 4, Migrations Out 4, Routing Faults 9, States Out 1, States In 1, States Not Sent 0
Node 2: Objects blocked 0 times
Node 21: max msg buffs allocated to free pool = 500

15	77	58	15	38	4	45	119	110	39	4	110	39	120	0	0	0	0	0	0	0	0	1	1	11	5	0	1	1	14	17	18	0	2.166625	3.570000	0
Node 6: num msg buffs released from free pool = 0
Node 16: Objects blocked 0 times
Node 10: Max Local Time 40979125 for Object 62
Page Fault Node	20:	0
Node 15: Cache Probes 3533, Cache Hits 3471, Cache Misses 62 Hit Ratio 98.25 percent
TW node	14	Cluster node	14	Mach node	164	Physical node	0xffffdeb8
TW node	12	Cluster node	12	Mach node	4	Physical node	0xffffdeb8
Migration Count Node 24: Migrations In 6, Migrations Out 3, Routing Faults 11, States Out 0, States In 1, States Not Sent 0

18	29	45	5	40	6	44	64	57	41	6	57	41	64	0	0	0	0	0	0	0	0	1	1	10	0	1	1	1	13	14	12	0	1.090375	1.629813	0
Node 13: Cache Probes 3296, Cache Hits 3248, Cache Misses 48 Hit Ratio 98.54 percent
TW node	20	Cluster node	20	Mach node	160	Physical node	0xffffdeb8
Node 26: Cache Probes 3396, Cache Hits 3344, Cache Misses 52 Hit Ratio 98.47 percent
Node 17: num msg buffs released from free pool = 0
Page Fault Node	28:	0
Load Stats: Cycles 21, Imbalances 4, Phase Not Chosen 0
Migration Count Node 13: Migrations In 5, Migrations Out 2, Routing Faults 5, States Out 0, States In 2, States Not Sent 0
Load Stats: Cycles 21, Imbalances 2, Phase Not Chosen 0
Node 18: Cache Probes 3714, Cache Hits 3653, Cache Misses 61 Hit Ratio 98.36 percent
Load Stats: Cycles 21, Imbalances 3, Phase Not Chosen 0
Node 23: Max Local Time 42025937 for Object 74
Node 25: num msg buffs released from free pool = 0
Page Fault Node	19:	0
Node 3: No home ask needed for pending entry 0 times

27	123	416	42	396	32	364	430	383	272	32	384	273	531	0	0	0	0	0	0	1	0	0	0	0	0	5	10	7	12	18	15	0	14.584375	20.801125	0
Load Stats: Cycles 21, Imbalances 7, Phase Not Chosen 1
Node 2: Homeasks sent 46 Homeasks received 14
Node 8: No home ask needed for pending entry 1 times
Node 1: Homeans sent 57 Homeans received 33
Node 3: Objects blocked 0 times
Node 11: Max Local Time 41856500 for Object 103
Migration Count Node 26: Migrations In 6, Migrations Out 6, Routing Faults 11, States Out 4, States In 0, States Not Sent 0
Node 4: Homeasks sent 33 Homeasks received 41

27	21	4	0	7	0	8	11	11	8	0	11	8	8	0	0	0	0	0	0	0	0	1	2	1	1	0	0	0	4	3	3	1	0.028063	0.059063	0
Node 14: max msg buffs allocated to free pool = 500
Node 16: Homeasks sent 40 Homeasks received 33
Node 8: Objects blocked 0 times
Node 7: max msg buffs allocated to free pool = 500
Page Fault Node	31:	0
Node 5: num msg buffs released from free pool = 0
Node 6: Max Local Time 42109250 for Object 35
Node 23: No home ask needed for pending entry 0 times
Node 5: Max Local Time 41913187 for Object 69
TW node	28	Cluster node	28	Mach node	28	Physical node	0xffffdeb8
Page Fault Node	30:	0
Node 7: num msg buffs released from free pool = 0
Node 4: Homeans sent 41 Homeans received 33
Node 9: Objects blocked 0 times
Node 29: Homeasks sent 29 Homeasks received 47
Node 17: Max Local Time 42334937 for Object 81
Node 11: No home ask needed for pending entry 0 times
Node 21: num msg buffs released from free pool = 0
Node 12: max msg buffs allocated to free pool = 500
Node 29: Homeans sent 47 Homeans received 29
Node 10: No home ask needed for pending entry 0 times
Node 25: Max Local Time 42332312 for Object 80
Node 9: Homeasks sent 35 Homeasks received 29
TW node	31	Cluster node	31	Mach node	44	Physical node	0xffffdeb8
Page Fault Node	22:	0
Node 2: Homeans sent 14 Homeans received 46
Node 21: Max Local Time 41890187 for Object 85
Migration Count Node 15: Migrations In 8, Migrations Out 3, Routing Faults 7, States Out 0, States In 3, States Not Sent 0
Node 6: No home ask needed for pending entry 0 times
Node 16: Homeans sent 33 Homeans received 40
Node 10: Objects blocked 0 times
Node 20: max msg buffs allocated to free pool = 500
Load Stats: Cycles 21, Imbalances 3, Phase Not Chosen 0
Node 14: num msg buffs released from free pool = 0
Node 12: num msg buffs released from free pool = 0
Page Fault Node	24:	0
Migration Count Node 18: Migrations In 7, Migrations Out 4, Routing Faults 12, States Out 0, States In 0, States Not Sent 0
Load Stats: Cycles 21, Imbalances 2, Phase Not Chosen 0
Node 20: num msg buffs released from free pool = 0
Load Stats: Cycles 21, Imbalances 6, Phase Not Chosen 0
Node 17: No home ask needed for pending entry 0 times
Node 28: max msg buffs allocated to free pool = 500
TW node	22	Cluster node	22	Mach node	178	Physical node	0xffffdeb8
Page Fault Node	13:	0
TW node	19	Cluster node	19	Mach node	184	Physical node	0xffffdeb8
Load Stats: Cycles 21, Imbalances 4, Phase Not Chosen 0
TW node	24	Cluster node	24	Mach node	104	Physical node	0xffffdeb8
Node 23: Objects blocked 0 times
Node 25: No home ask needed for pending entry 1 times
Node 19: max msg buffs allocated to free pool = 500
Node 3: Homeasks sent 32 Homeasks received 62
Node 27: Cache Probes 3456, Cache Hits 3400, Cache Misses 56 Hit Ratio 98.38 percent
TW node	30	Cluster node	30	Mach node	150	Physical node	0xffffdeb8
Node 8: Homeasks sent 36 Homeasks received 13
Node 3: Homeans sent 62 Homeans received 32
Node 11: Objects blocked 0 times
Page Fault Node	26:	0
Migration Count Node 27: Migrations In 7, Migrations Out 2, Routing Faults 7, States Out 0, States In 2, States Not Sent 0
Node 14: Max Local Time 42322937 for Object 78
Node 8: Homeans sent 13 Homeans received 36
Node 7: Max Local Time 42110312 for Object 38
Node 31: max msg buffs allocated to free pool = 500
Node 5: No home ask needed for pending entry 0 times
Node 6: Objects blocked 0 times
Node 23: Homeasks sent 36 Homeasks received 35
Node 5: Objects blocked 0 times
Node 28: num msg buffs released from free pool = 0
Node 30: max msg buffs allocated to free pool = 500
Node 7: No home ask needed for pending entry 1 times
Node 9: Homeans sent 29 Homeans received 35
Node 17: Objects blocked 0 times
Node 11: Homeasks sent 33 Homeasks received 15
Node 21: No home ask needed for pending entry 1 times
Node 12: Max Local Time 40149000 for Object 133
Node 10: Homeasks sent 36 Homeasks received 27
Node 25: Objects blocked 0 times
Node 31: num msg buffs released from free pool = 0
Node 22: max msg buffs allocated to free pool = 500
Node 21: Objects blocked 0 times
Page Fault Node	15:	0
Node 6: Homeasks sent 35 Homeasks received 27
Node 10: Homeans sent 27 Homeans received 36
Node 20: Max Local Time 42313312 for Object 76
TW node	15	Cluster node	15	Mach node	168	Physical node	0xffffdeb8
Node 14: No home ask needed for pending entry 0 times
Node 12: No home ask needed for pending entry 0 times
Node 24: max msg buffs allocated to free pool = 500
Page Fault Node	18:	0
TW node	13	Cluster node	13	Mach node	162	Physical node	0xffffdeb8
Node 20: No home ask needed for pending entry 0 times
TW node	26	Cluster node	26	Mach node	12	Physical node	0xffffdeb8
Node 17: Homeasks sent 41 Homeasks received 43
Node 28: Max Local Time 42432375 for Object 25
Node 22: num msg buffs released from free pool = 0
Node 13: max msg buffs allocated to free pool = 500
Node 19: num msg buffs released from free pool = 0
TW node	18	Cluster node	18	Mach node	188	Physical node	0xffffdeb8
Node 24: num msg buffs released from free pool = 0
Node 23: Homeans sent 35 Homeans received 36
Node 25: Homeasks sent 41 Homeasks received 51
Node 19: Max Local Time 41893812 for Object 83
Load Stats: Cycles 21, Imbalances 2, Phase Not Chosen 0
Node 30: num msg buffs released from free pool = 0
Node 11: Homeans sent 15 Homeans received 33
Node 26: max msg buffs allocated to free pool = 500
Page Fault Node	27:	0
Node 14: Objects blocked 0 times
Node 7: Objects blocked 0 times
Node 31: Max Local Time 41764375 for Object 6
Node 5: Homeasks sent 34 Homeasks received 71
Node 6: Homeans sent 27 Homeans received 35
Node 5: Homeans sent 71 Homeans received 34
Node 28: No home ask needed for pending entry 0 times
Node 30: Max Local Time 42008500 for Object 101
Node 7: Homeasks sent 34 Homeasks received 44
Node 17: Homeans sent 43 Homeans received 41
Node 21: Homeasks sent 39 Homeasks received 34
Node 12: Objects blocked 0 times
Node 25: Homeans sent 51 Homeans received 41
Node 31: No home ask needed for pending entry 0 times
Node 22: Max Local Time 42452625 for Object 22
Node 21: Homeans sent 34 Homeans received 39
Node 15: max msg buffs allocated to free pool = 500
Node 20: Objects blocked 0 times
Node 15: num msg buffs released from free pool = 0
Node 14: Homeasks sent 44 Homeasks received 5
Node 12: Homeasks sent 33 Homeasks received 21
Node 24: Max Local Time 42441000 for Object 24
Node 18: max msg buffs allocated to free pool = 500
Node 13: num msg buffs released from free pool = 0
Node 20: Homeasks sent 33 Homeasks received 41
Node 26: num msg buffs released from free pool = 0
Node 28: Objects blocked 0 times
Node 22: No home ask needed for pending entry 5 times
Node 19: No home ask needed for pending entry 0 times
Node 18: num msg buffs released from free pool = 0
Node 24: No home ask needed for pending entry 1 times
Node 13: Max Local Time 42420562 for Object 26
Node 19: Objects blocked 0 times
TW node	27	Cluster node	27	Mach node	52	Physical node	0xffffdeb8
Node 30: No home ask needed for pending entry 0 times
Node 26: Max Local Time 42092375 for Object 99
Node 27: max msg buffs allocated to free pool = 500
Node 14: Homeans sent 5 Homeans received 44
Node 7: Homeans sent 44 Homeans received 34
Node 31: Objects blocked 0 times
Node 28: Homeasks sent 30 Homeasks received 43
Node 30: Objects blocked 0 times
Node 12: Homeans sent 21 Homeans received 33
Node 31: Homeasks sent 37 Homeasks received 39
Node 22: Objects blocked 0 times
Node 15: Max Local Time 42324062 for Object 77
Node 20: Homeans sent 41 Homeans received 33
Node 15: No home ask needed for pending entry 3 times
Node 24: Objects blocked 0 times
Node 18: Max Local Time 42404062 for Object 27
Node 13: No home ask needed for pending entry 1 times
Node 26: No home ask needed for pending entry 0 times
Node 28: Homeans sent 43 Homeans received 30
Node 22: Homeasks sent 37 Homeasks received 37
Node 19: Homeasks sent 31 Homeasks received 35
Node 18: No home ask needed for pending entry 0 times
Node 24: Homeasks sent 34 Homeasks received 44
Node 13: Objects blocked 0 times
Node 19: Homeans sent 35 Homeans received 31
Node 27: num msg buffs released from free pool = 0
Node 30: Homeasks sent 37 Homeasks received 49
Node 26: Objects blocked 0 times
Node 27: Max Local Time 42455812 for Object 20
Node 31: Homeans sent 39 Homeans received 37
Node 30: Homeans sent 49 Homeans received 37
Node 22: Homeans sent 37 Homeans received 37
Node 15: Objects blocked 0 times
Node 15: Homeasks sent 46 Homeasks received 13
Node 24: Homeans sent 44 Homeans received 34
Node 18: Objects blocked 0 times
Node 13: Homeasks sent 36 Homeasks received 15
Node 26: Homeasks sent 39 Homeasks received 44
Node 18: Homeasks sent 46 Homeasks received 31
Node 13: Homeans sent 15 Homeans received 36
Node 27: No home ask needed for pending entry 1 times
Node 26: Homeans sent 44 Homeans received 39
Node 27: Objects blocked 0 times
Node 15: Homeans sent 13 Homeans received 46
Node 18: Homeans sent 31 Homeans received 46
Node 27: Homeasks sent 41 Homeasks received 56
Node 27: Homeans sent 56 Homeans received 41



@(#)brkpt.c 1.7	9/26/89	15:40:41	TIMEWARP
@(#)buglib2.c     1.67	10/23/89	11:02:54	TIMEWARP
@(#)cmp.c     1.18	6/2/89	12:43:16	TIMEWARP
@(#)comdtab.c     1.53	10/2/89	14:12:10	TIMEWARP
@(#)command.c     1.52	9/26/89	15:38:16	TIMEWARP
@(#)commit.c       1.20	9/26/89	16:48:05	TIMEWARP
@(#)cubeio.c       1.47	10/2/89	14:15:56	TIMEWARP
@(#)deliver.c     $Revision: 1.7 $	$Date: 91/11/01 09:19:43 $	TIMEWARP
@(#)fileio.c       $Revision: 1.9 $	$Date: 91/11/01 09:22:53 $	TIMEWARP
@(#)format.c       1.21	9/27/89	14:03:48	TIMEWARP
@(#)getime.c       1.16	6/2/89	12:43:47	TIMEWARP
@(#)gvt2.c    1.9	10/23/89	08:53:45	TIMEWARP
@(#)hostifc.c     1.47	9/12/89	17:08:43	TIMEWARP
@(#)int.c     $Revision: 1.5 $	$Date: 91/12/27 09:05:55 $	TIMEWARP
@(#)idlist.c       $Revision: 1.4 $	$Date: 91/08/07 16:36:14 $	TIMEWARP
@(#)list.c   $Revision: 1.7 $	$Date: 91/12/27 08:42:32 $	TIMEWARP
@(#)loadman.c     1.1	10/2/89	17:00:55	TIMEWARP
@(#)machdep.c     1.58	10/2/89	14:45:42	TIMEWARP
@(#)machifc.c     $Revision: 1.8 $	$Date: 91/11/01 09:41:12 $	TIMEWARP
@(#)make.c   $Revision	$Date	TIMEWARP
@(#)mem.c     $Revision: 1.7 $	$Date: 91/12/27 09:08:13 $	TIMEWARP
@(#)migr.c 1.31	10/6/89	14:25:23	TIMEWARP
@(#)mkmsg.c 1.9	6/2/89	12:44:35	TIMEWARP
@(#)moninit.c     1.23	6/2/89	12:44:37	TIMEWARP
@(#)monitor.c     1.12	6/2/89	12:44:41	TIMEWARP
@(#)mproc.c 1.55	9/28/89	15:05:09	TIMEWARP
@(#)msgcntl.c     1.48	10/2/89	15:02:31	TIMEWARP
@(#)nq.c       1.67	10/2/89	15:05:42	TIMEWARP
@(#)objend.c       1.42	9/26/89	16:44:32	TIMEWARP
@(#)objhead.c     $Revision: 1.10 $	$Date: 91/12/27 08:47:35 $	TIMEWARP
@(#)objifc.c       $Revision: 1.12 $	$Date: 91/12/27 09:10:27 $	TIMEWARP
@(#)rollback.c   1.58	10/6/89	14:23:00	TIMEWARP
@(#)save.c   $Revision: 1.4 $	$Date: 91/11/01 10:06:24 $	TIMEWARP
@(#)sched.c $Revision: 1.11 $	$Date: 92/02/25 10:35:53 $	TIMEWARP
@(#)sendback.c   $Revision: 1.10 $	$Date: 91/11/06 11:12:34 $	TIMEWARP
@(#)serve.c 1.65	9/26/89	16:40:59	TIMEWARP
@(#)services.c   $Revision: 1.5 $	$Date: 91/11/01 12:36:56 $	TIMEWARP
@(#)start.c $Revision: 1.6 $	$Date: 91/11/01 12:38:51 $	TIMEWARP
@(#)state.c $Revision: 1.15 $	$Date: 91/12/27 09:57:34 $	TIMEWARP
@(#)stats.c 1.29	8/8/89	13:21:20	TIMEWARP
@(#)storage.c     1.49	10/2/89	16:23:20	TIMEWARP
@(#)tester.c       $Revision: 1.13 $	$Date: 91/12/27 09:18:24 $	TIMEWARP
@(#)timewarp.c   $Revision: 1.23 $	$Date: 92/02/25 10:49:44 $	TIMEWARP
@(#)tlib.c   1.4	6/2/89	12:46:24	TIMEWARP
@(#)toupper.c     1.5	6/2/89	12:46:26	TIMEWARP
@(#)tstrinit.c   1.44	10/2/89	16:28:12	TIMEWARP
@(#)turboq2.c     1.25	6/2/89	12:46:32	TIMEWARP
@(#)objloc.c       1.30	10/2/89	15:42:10	TIMEWARP
@(#)vtime.c 1.5	9/27/89	15:54:23	TIMEWARP
