Version 2.7.1

Config File ../CONFIG/stb88.cfg.3

Elapsed time for this run was 6624.28 seconds


Node	Obj	E+FT	E-FT	E+FR	E-FR	E+FC	e starts	e cmps	e com	e zap	# ssave	# scom	E Sent	E+RT	E-RT	E+RR	E-RR	cr strts	ds strts	cm cr	cm ds	migr	stmigr	imigr	omigr	sqlen	iqlen	oqlen	sqmax,	iqmax,	oqmax	stforw	ctime	cpu	segmax

0	red_div9/15	2066	4	1797	0	1797	1800	1800	1796	0	1801	1797	2066	0	0	0	0	0	0	1	0	0	0	0	0	1	1	0	5	6	4	0	17.522480	17.522488	0

0	stdout	0	0	0	0	0	0	0	0	0	0	0	0	0	0	0	0	0	0	0	0	0	0	0	0	0	0	0	0	0	0	0	0.000000	0.000000	0

0	G0,18	0	0	0	0	0	0	0	0	0	1	1	0	0	0	0	0	0	0	1	0	0	0	0	0	0	0	0	1	0	0	0	0.000001	0.000001	0

0	red_div10/10	0	0	0	0	0	0	0	0	0	1	1	0	0	0	0	0	0	0	1	0	0	0	0	0	0	0	0	1	0	0	0	0.019996	0.019996	0

0	red_div10/16	0	0	0	0	0	0	0	0	0	1	1	0	0	0	0	0	0	0	1	0	0	0	0	0	0	0	0	1	0	0	0	0.019996	0.019996	0

0	distrib2	34	0	17	0	17	1	1	1	0	2	2	34	0	0	0	0	0	0	1	0	0	0	0	0	1	0	0	2	17	34	0	0.000036	0.000036	0

0	distrib5	34	0	17	0	17	1	1	1	0	2	2	34	0	0	0	0	0	0	1	0	0	0	0	0	1	0	0	2	17	34	0	0.000036	0.000036	0

0	distrib8	34	0	17	0	17	1	1	1	0	2	2	34	0	0	0	0	0	0	1	0	0	0	0	0	1	0	0	2	17	34	0	0.040030	0.040030	0

0	distrib11	34	0	17	0	17	1	1	1	0	2	2	34	0	0	0	0	0	0	1	0	0	0	0	0	1	0	0	2	17	34	0	0.100016	0.100016	0

0	distrib14	32	0	16	0	16	1	1	1	0	2	2	32	0	0	0	0	0	0	1	0	0	0	0	0	1	0	0	2	16	32	0	0.000034	0.000034	0

0	distrib17	34	0	17	0	17	1	1	1	0	2	2	34	0	0	0	0	0	0	1	0	0	0	0	0	1	0	0	2	17	34	0	0.040023	0.040023	0

0	blue_div5/17	1	0	6	0	6	3	3	3	0	4	4	1	0	0	0	0	0	0	1	0	0	0	0	0	1	0	0	3	5	1	0	0.019998	0.019998	0

0	red_div1/1	1	0	3	0	3	3	3	3	0	4	4	1	0	0	0	0	0	0	1	0	0	0	0	0	1	0	0	3	2	1	0	0.099993	0.099993	0

0	blue_div3/3	1	0	6	0	6	3	3	3	0	4	4	1	0	0	0	0	0	0	1	0	0	0	0	0	1	0	0	3	5	1	0	0.059998	0.059998	0

0	red_div2/2	1	0	4	0	4	3	3	3	0	4	4	1	0	0	0	0	0	0	1	0	0	0	0	0	1	0	0	3	3	1	0	0.000005	0.000005	0

0	red_div1/4	1	0	3	0	3	3	3	3	0	4	4	1	0	0	0	0	0	0	1	0	0	0	0	0	1	0	0	3	2	1	0	0.000005	0.000005	0

0	red_div2/5	1	0	4	0	4	3	3	3	0	4	4	1	0	0	0	0	0	0	1	0	0	0	0	0	1	0	0	3	3	1	0	0.020004	0.020004	0

0	red_div1/7	1	0	3	0	3	3	3	3	0	4	4	1	0	0	0	0	0	0	1	0	0	0	0	0	1	0	0	3	2	1	0	0.000005	0.000005	0

0	red_div2/8	1	0	4	0	4	3	3	3	0	4	4	1	0	0	0	0	0	0	1	0	0	0	0	0	1	0	0	2	3	1	0	0.000005	0.000005	0

0	red_div2/11	1	0	4	0	4	3	3	3	0	4	4	1	0	0	0	0	0	0	1	0	0	0	0	0	1	0	0	2	3	1	0	0.000005	0.000005	0

0	red_div1/10	1	0	3	0	3	3	3	3	0	4	4	1	0	0	0	0	0	0	1	0	0	0	0	0	1	0	0	2	2	1	0	0.000005	0.000005	0

0	blue_div3/15	1	0	4	0	4	3	3	3	0	4	4	1	0	0	0	0	0	0	1	0	0	0	0	0	1	0	0	2	3	1	0	0.020001	0.020001	0

0	red_div1/13	1	0	4	0	4	3	3	3	0	4	4	1	0	0	0	0	0	0	1	0	0	0	0	0	1	0	0	2	3	1	0	0.000005	0.000005	0

0	red_div2/14	1	0	3	0	3	3	3	3	0	4	4	1	0	0	0	0	0	0	1	0	0	0	0	0	1	0	0	2	2	1	0	0.020000	0.020000	0

0	blue_div1/1	1	0	6	0	6	3	3	3	0	4	4	1	0	0	0	0	0	0	1	0	0	0	0	0	1	0	0	2	5	1	0	0.040002	0.040002	0

0	blue_div4/1	1	0	6	0	6	3	3	3	0	4	4	1	0	0	0	0	0	0	1	0	0	0	0	0	1	0	0	2	5	1	0	0.020000	0.020000	0

0	red_div1/16	1	0	3	0	3	3	3	3	0	4	4	1	0	0	0	0	0	0	1	0	0	0	0	0	1	0	0	2	2	1	0	0.020002	0.020002	0

0	blue_div1/4	1	0	3	0	3	3	3	3	0	4	4	1	0	0	0	0	0	0	1	0	0	0	0	0	1	0	0	2	2	1	0	0.000005	0.000005	0

0	blue_div3/18	1	0	6	0	6	3	3	3	0	4	4	1	0	0	0	0	0	0	1	0	0	0	0	0	1	0	0	2	5	1	0	0.000005	0.000005	0

0	red_div2/17	1	0	4	0	4	3	3	3	0	4	4	1	0	0	0	0	0	0	1	0	0	0	0	0	1	0	0	2	3	1	0	0.020002	0.020002	0

0	blue_div1/7	1	0	4	0	4	3	3	3	0	4	4	1	0	0	0	0	0	0	1	0	0	0	0	0	1	0	0	2	3	1	0	0.000005	0.000005	0

0	red_div3/9	1	0	4	0	4	3	3	3	0	4	4	1	0	0	0	0	0	0	1	0	0	0	0	0	1	0	0	2	3	1	0	0.019999	0.019999	0

0	blue_div1/10	1	0	3	0	3	3	3	3	0	4	4	1	0	0	0	0	0	0	1	0	0	0	0	0	1	0	0	2	2	1	0	0.000005	0.000005	0

0	blue_div2/2	1	0	6	0	6	3	3	3	0	4	4	1	0	0	0	0	0	0	1	0	0	0	0	0	1	0	0	2	5	1	0	0.020002	0.020002	0

0	blue_div1/13	1	0	4	0	4	3	3	3	0	4	4	1	0	0	0	0	0	0	1	0	0	0	0	0	1	0	0	2	3	1	0	0.000005	0.000005	0

0	blue_div5/2	1	0	6	0	6	3	3	3	0	4	4	1	0	0	0	0	0	0	1	0	0	0	0	0	1	0	0	2	5	1	0	0.000005	0.000005	0

0	blue_div2/5	1	0	3	0	3	3	3	3	0	4	4	1	0	0	0	0	0	0	1	0	0	0	0	0	1	0	0	2	2	1	0	0.059995	0.059995	0

0	blue_div1/16	1	0	3	0	3	3	3	3	0	4	4	1	0	0	0	0	0	0	1	0	0	0	0	0	1	0	0	2	2	1	0	0.000005	0.000005	0

0	red_div3/12	1	0	4	0	4	3	3	3	0	4	4	1	0	0	0	0	0	0	1	0	0	0	0	0	1	0	0	2	3	1	0	0.000005	0.000005	0

0	blue_div2/8	1	0	4	0	4	3	3	3	0	4	4	1	0	0	0	0	0	0	1	0	0	0	0	0	1	0	0	2	3	1	0	0.000005	0.000005	0

0	red_div3/15	1	0	4	0	4	3	3	3	0	4	4	1	0	0	0	0	0	0	1	0	0	0	0	0	1	0	0	2	3	1	0	0.039999	0.039999	0

0	blue_div2/11	1	0	6	0	6	3	3	3	0	4	4	1	0	0	0	0	0	0	1	0	0	0	0	0	1	0	0	2	5	1	0	0.020002	0.020002	0

0	blue_div5/11	1	0	6	0	6	3	3	3	0	4	4	1	0	0	0	0	0	0	1	0	0	0	0	0	1	0	0	2	5	1	0	0.020003	0.020003	0

0	blue_div2/14	1	0	3	0	3	3	3	3	0	4	4	1	0	0	0	0	0	0	1	0	0	0	0	0	1	0	0	2	2	1	0	0.000005	0.000005	0

0	blue_div2/17	1	0	6	0	6	3	3	3	0	4	4	1	0	0	0	0	0	0	1	0	0	0	0	0	1	0	0	2	5	1	0	0.020001	0.020001	0

0	G0,6	186	1	107	1	106	61	58	56	1	59	57	208	0	0	0	0	0	0	1	0	0	0	0	0	1	0	0	6	29	28	0	32.219822	33.919801	0

0	G0,3	230	0	111	0	111	58	58	57	0	59	58	241	0	0	0	0	0	0	1	0	0	0	0	0	1	0	0	6	28	39	0	33.039852	33.679840	0

0	G0,12	148	1	101	1	100	55	54	54	1	55	55	153	0	0	0	0	0	0	1	0	0	0	0	0	1	0	0	9	29	24	0	30.239880	30.779877	0

0	G0,15	182	0	110	0	110	63	62	61	0	63	62	185	0	0	0	0	0	0	1	0	0	0	0	0	1	0	0	10	33	29	0	31.579863	32.319863	0

0	G0,9	166	1	109	2	107	63	60	57	2	61	58	203	0	0	0	0	0	0	1	0	0	0	0	0	1	0	0	7	29	24	0	28.859841	31.239810	0

0	G0,0	177	3	95	2	93	54	51	50	2	52	51	202	0	0	0	0	0	0	1	0	0	0	0	0	1	0	0	5	23	40	0	29.479874	31.139848	0

0	blue_div4/16	4588	44	4275	6	4269	2727	2723	2616	6	2724	2617	4678	0	0	0	0	0	0	1	0	0	0	0	0	1	3	0	6	10	8	0	53.855918	56.015875	0

0	red_div4/16	4584	41	4276	7	4269	2731	2725	2616	7	2726	2617	4671	0	0	0	0	0	0	1	0	0	0	0	0	1	3	0	6	10	8	0	38.465564	40.045513	0

0	red_div7/16	2060	0	1795	0	1795	1793	1793	1790	0	1794	1791	2060	0	0	0	0	0	0	1	0	0	0	0	0	1	1	0	5	6	4	0	17.277662	17.297662	0

0	blue_div7/16	3721	17	3436	0	3436	1881	1874	1786	0	1875	1787	3813	0	0	0	0	0	0	1	0	0	0	0	0	1	3	0	5	9	6	0	42.320863	44.579745	0

0	red_div5/5	3732	14	3775	319	3456	1894	1864	1801	319	1865	1802	3897	0	0	0	0	0	0	1	0	0	0	0	0	1	3	0	5	14	8	0	31.341322	33.721262	0

0	blue_div5/5	4555	15	4326	48	4278	1858	1850	1798	48	1851	1799	4655	0	0	0	0	0	0	1	0	0	0	0	0	1	4	1	5	14	7	0	53.677667	56.057524	0

0	red_div8/5	2068	0	1813	14	1799	1799	1799	1798	14	1800	1799	2069	0	0	0	0	0	0	1	0	0	0	0	0	1	1	0	5	6	5	0	17.702409	17.722407	0

0	blue_corps6	911	0	2879	581	2298	1213	1193	1097	581	1194	1098	913	0	0	0	0	0	0	1	0	0	0	0	0	1	4	0	8	16	16	0	7.841556	8.321583	0

0	red_corps6	919	0	3338	486	2852	1182	1171	1099	486	1172	1100	932	0	0	0	0	0	0	1	0	0	0	0	0	1	5	0	9	22	20	0	9.220329	9.520350	0

0	red_div3/6	4561	11	4302	25	4277	2667	2664	2626	25	2665	2627	4594	0	0	0	0	0	0	1	0	0	0	0	0	1	3	0	6	10	6	0	39.359478	39.739506	0

0	blue_div3/6	4564	13	4299	22	4277	2670	2666	2626	22	2667	2627	4598	0	0	0	0	0	0	1	0	0	0	0	0	1	3	0	6	11	6	0	55.756732	56.676705	0

0	red_div6/6	2068	0	1799	0	1799	1798	1798	1798	0	1799	1799	2068	0	0	0	0	0	0	1	0	0	0	0	0	1	1	0	5	5	5	0	18.482254	18.482254	0

0	blue_div6/6	3717	3	3442	0	3442	1810	1810	1794	0	1811	1795	3733	0	0	0	0	0	0	1	0	0	0	0	0	1	3	0	5	8	7	0	42.777928	43.117914	0

0	red_div9/6	2069	1	1808	9	1799	1798	1798	1797	9	1799	1798	2071	0	0	0	0	0	0	1	0	0	0	0	0	1	1	0	5	5	5	0	18.262348	18.282344	0

0	red_div5/17	2060	0	1810	10	1800	1796	1796	1793	10	1797	1794	2060	0	0	0	0	0	0	1	0	0	0	0	0	1	1	0	5	7	4	0	17.319350	17.319353	0

0	red_div8/17	2073	13	1795	0	1795	1807	1805	1792	0	1806	1793	2073	0	0	0	0	0	0	1	0	0	0	0	0	1	1	0	5	6	5	0	18.179645	18.219663	0

0	blue_div4/7	5413	41	5092	0	5092	2751	2744	2615	0	2745	2616	5535	0	0	0	0	0	0	1	0	0	0	0	0	1	4	1	6	12	11	0	65.442657	68.362523	0

0	red_div4/7	2070	2	1810	1	1809	1803	1802	1799	1	1803	1800	2073	0	0	0	0	0	0	1	0	0	0	0	0	1	1	0	5	5	5	0	17.219672	17.259671	0

0	blue_div7/7	5369	12	5087	0	5087	1872	1861	1791	0	1862	1792	5515	0	0	0	0	0	0	1	0	0	0	0	0	1	4	1	5	12	8	0	63.054432	66.294270	0

0	red_div7/7	3722	9	3442	0	3442	1849	1845	1791	0	1846	1792	3779	0	0	0	0	0	0	1	0	0	0	0	0	1	3	0	5	9	7	0	30.196416	30.996411	0

0	red_div10/7	2066	0	1803	0	1803	1796	1796	1796	0	1797	1797	2066	0	0	0	0	0	0	1	0	0	0	0	0	1	1	0	5	6	5	0	17.142615	17.142615	0

0	blue_corps18	557	0	1119	14	1105	978	964	828	14	965	829	557	0	0	0	0	0	0	1	0	0	0	0	0	1	1	0	5	9	16	0	4.580462	5.000518	0

0	red_corps18	776	0	2051	41	2010	1294	1286	1155	41	1287	1156	798	0	0	0	0	0	0	1	0	0	0	0	0	1	3	0	8	25	22	0	6.140649	6.580704	0

0	red_div3/18	2059	0	1805	0	1805	1798	1798	1798	0	1799	1799	2059	0	0	0	0	0	0	1	0	0	0	0	0	1	1	0	5	5	5	0	16.600500	16.600500	0

0	red_div6/18	1186	3	993	8	985	984	984	976	8	985	977	1194	0	0	0	0	0	0	1	0	0	0	0	0	1	0	0	4	9	6	0	9.219328	9.359331	0

0	blue_div6/18	5390	24	5083	1	5082	2669	2664	2607	1	2665	2608	5446	0	0	0	0	0	0	1	0	0	0	0	0	1	4	1	6	12	8	0	62.400707	63.839656	0

0	red_div9/18	94	5	94	0	94	98	98	90	0	99	91	101	0	0	0	0	0	0	1	0	0	0	0	0	1	0	0	6	5	8	0	0.480079	0.540077	0

0	red_div5/8	1184	0	984	1	983	979	979	978	1	980	979	1185	0	0	0	0	0	0	1	0	0	0	0	0	1	0	0	3	8	5	0	9.721207	9.741206	0

0	blue_div5/8	3720	9	3446	1	3445	1848	1845	1792	1	1846	1793	3775	0	0	0	0	0	0	1	0	0	0	0	0	1	3	0	3	8	5	0	44.139724	45.499684	0

0	red_div8/8	3714	3	3464	19	3445	1809	1806	1792	19	1807	1793	3730	0	0	0	0	0	0	1	0	0	0	0	0	1	3	0	3	9	5	0	29.980493	30.280472	0

0	blue_corps9	911	0	2717	427	2290	1273	1254	1116	427	1255	1117	911	0	0	0	0	0	0	1	0	0	0	0	0	1	3	0	8	16	16	0	8.338433	9.138452	0

0	red_corps9	921	0	3441	659	2782	1462	1449	1320	659	1450	1321	921	0	0	0	0	0	0	1	0	0	0	0	0	1	4	0	8	22	22	0	8.280620	8.741683	0

0	blue_div3/9	2909	6	2623	1	2622	2629	2629	2619	1	2630	2620	2914	0	0	0	0	0	0	1	0	0	0	0	0	1	2	0	5	7	5	0	35.417144	35.577137	0

0	red_div6/9	2064	0	1803	1	1802	1794	1794	1792	1	1795	1793	2064	0	0	0	0	0	0	1	0	0	0	0	0	1	1	0	4	5	5	0	16.978599	16.998598	0

0	blue_div6/9	3713	5	3443	0	3443	1808	1807	1792	0	1808	1793	3728	0	0	0	0	0	0	1	0	0	0	0	0	1	3	0	4	8	6	0	42.120038	42.540022	0

0	red_div9/9	3724	0	3443	0	3443	2619	2619	2618	0	2620	2619	3724	0	0	0	0	0	0	1	0	0	0	0	0	1	3	0	5	9	7	0	32.157076	32.157077	0

0	red_div4/10	3721	11	3451	1	3450	1860	1856	1801	1	1857	1802	3776	0	0	0	0	0	0	1	0	0	0	0	0	1	2	0	5	8	6	0	30.479574	31.319551	0

0	blue_div4/10	4578	30	4274	6	4268	2700	2693	2614	6	2694	2615	4643	0	0	0	0	0	0	1	0	0	0	0	0	1	3	0	6	10	7	0	55.181805	56.621766	0

0	red_div7/10	2065	1	1811	14	1797	1798	1798	1796	14	1799	1797	2065	0	0	0	0	0	0	1	0	0	0	0	0	1	1	0	5	6	6	0	17.181436	17.201435	0

0	blue_div7/10	3725	17	3454	11	3443	1898	1888	1795	11	1889	1796	3825	0	0	0	0	0	0	1	0	0	0	0	0	1	3	0	5	10	7	0	42.995916	45.335800	0

0	red_div5/11	2064	1	1813	11	1802	1798	1798	1796	11	1799	1797	2065	0	0	0	0	0	0	1	0	0	0	0	0	1	2	0	5	6	6	0	18.239468	18.239472	0

0	red_div8/11	2065	2	1797	0	1797	1797	1795	1794	0	1796	1795	2066	0	0	0	0	0	0	1	0	0	0	0	0	1	1	0	5	6	4	0	18.241487	18.281483	0

0	red_div4/1	2076	4	1813	2	1811	1808	1807	1801	2	1808	1802	2081	0	0	1	0	0	0	1	0	0	0	0	0	1	1	0	7	9	6	0	18.219561	18.299563	0

0	red_div7/1	2076	4	1796	0	1796	1800	1800	1793	0	1801	1794	2083	0	0	1	0	0	0	1	0	0	0	0	0	1	1	0	6	7	7	0	18.160532	18.260525	0

0	blue_div7/1	2077	5	1796	0	1796	1802	1802	1793	0	1803	1794	2085	0	0	1	0	0	0	1	0	0	0	0	0	1	1	0	6	7	7	0	24.779165	24.859180	0

0	red_div10/1	91	0	98	2	96	92	92	92	2	93	93	91	0	0	0	0	0	0	1	0	0	0	0	0	1	0	0	4	4	5	0	0.540097	0.540097	0

0	red_corps12	921	0	3249	428	2821	1207	1197	1098	428	1198	1099	921	0	0	0	0	0	0	1	0	0	0	0	0	1	4	0	7	22	22	0	8.058476	8.498502	0

0	blue_corps12	911	0	2665	378	2287	1275	1252	1110	378	1253	1111	911	0	0	0	0	0	0	1	0	0	0	0	0	1	3	0	6	16	16	0	7.981495	8.561575	0

0	blue_div3/12	2915	14	2645	20	2625	2636	2635	2622	20	2636	2623	2919	0	0	0	0	0	0	1	0	0	0	0	0	1	2	0	6	7	6	0	36.080015	36.240007	0

0	blue_div6/12	5371	20	5084	0	5084	1889	1884	1792	0	1885	1793	5556	0	0	0	0	0	0	1	0	0	0	0	0	1	4	1	5	14	12	0	62.957732	66.777597	0

0	red_div6/12	2063	0	1802	0	1802	1796	1796	1796	0	1797	1797	2063	0	0	0	0	0	0	1	0	0	0	0	0	1	1	0	5	6	6	0	17.999525	17.999525	0

0	red_div9/12	2065	2	1797	0	1797	1798	1798	1796	0	1799	1797	2065	0	0	0	0	0	0	1	0	0	0	0	0	1	1	0	5	6	4	0	17.841321	17.861318	0

0	red_div5/2	2073	3	1821	15	1806	1802	1802	1799	15	1803	1800	2075	0	0	0	0	0	0	1	0	0	0	0	0	1	1	0	5	6	4	0	18.020350	18.040354	0

0	red_div8/2	2072	1	1801	0	1801	1801	1800	1797	0	1801	1798	2074	0	0	1	0	0	0	1	0	0	0	0	0	1	1	0	5	6	6	0	18.343435	18.403425	0

0	blue_div4/13	3728	6	3438	0	3438	2657	2657	2613	0	2658	2614	3770	0	0	0	0	0	0	1	0	0	0	0	0	1	3	0	6	9	6	0	46.237628	47.137581	0

0	red_div4/13	2062	0	1802	0	1802	1796	1796	1795	0	1797	1796	2062	0	0	0	0	0	0	1	0	0	0	0	0	1	1	0	5	6	6	0	18.622288	18.622289	0

0	blue_div7/13	3724	18	3438	0	3438	1868	1862	1790	0	1863	1791	3802	0	0	0	0	0	0	1	0	0	0	0	0	1	3	0	5	8	8	0	43.786962	45.406909	0

0	red_div7/13	3723	17	3443	0	3443	1874	1869	1794	0	1870	1795	3800	0	0	0	0	0	0	1	0	0	0	0	0	1	3	0	5	9	7	0	31.283238	32.362209	0

0	red_div10/13	2063	1	1797	0	1797	1795	1795	1794	0	1796	1795	2064	0	0	0	0	0	0	1	0	0	0	0	0	1	1	0	5	6	6	0	18.019460	18.019463	0

0	blue_corps3	573	0	1334	226	1108	655	648	506	226	649	507	573	0	0	0	0	0	0	1	0	0	0	0	0	1	2	0	5	10	16	0	3.439422	3.999477	0

0	red_corps3	725	0	2298	210	2088	683	675	635	210	676	636	725	0	0	0	0	0	0	1	0	0	0	0	0	1	4	0	7	22	20	0	6.019340	6.119357	0

0	red_div3/3	2069	0	1806	0	1806	1803	1803	1803	0	1804	1804	2069	0	0	0	0	0	0	1	0	0	0	0	0	1	1	0	5	6	5	0	17.579329	17.579329	0

0	red_div6/3	2069	0	1801	0	1801	1796	1796	1796	0	1797	1797	2069	0	0	0	0	0	0	1	0	0	0	0	0	1	1	0	5	6	5	0	17.799326	17.799326	0

0	blue_div6/3	5385	23	5092	0	5092	1904	1890	1792	0	1891	1793	5597	0	0	1	0	0	0	1	0	0	0	0	0	1	4	1	5	12	8	0	63.199496	68.079306	0

0	red_div9/3	92	1	89	0	89	87	87	86	0	88	87	94	0	0	0	0	0	0	1	0	0	0	0	0	1	0	0	3	4	5	0	0.319099	0.319103	0

0	red_div5/14	2064	57	2157	349	1808	1120	1088	973	349	1089	974	2224	0	0	0	0	0	0	1	0	0	0	0	0	1	1	0	4	12	7	0	15.299429	18.079295	0

0	blue_div5/14	3724	18	3438	0	3438	1879	1874	1790	0	1875	1791	3807	0	0	0	0	0	0	1	0	0	0	0	0	1	3	0	5	9	6	0	43.436055	45.335972	0

0	red_div8/14	3727	3	3445	2	3443	2659	2658	2619	2	2659	2620	3763	0	0	0	0	0	0	1	0	0	0	0	0	1	3	0	6	9	6	0	32.323257	32.663276	0

0	red_div4/4	4615	61	4293	9	4284	2820	2812	2623	9	2813	2624	4777	0	0	2	0	0	0	1	0	0	0	0	0	1	3	0	6	11	10	0	40.261228	42.761169	0

0	blue_div4/4	5475	99	5119	15	5104	2868	2854	2623	15	2855	2624	5692	0	0	2	0	0	0	1	0	0	0	0	0	1	4	1	6	13	10	0	64.999655	70.579359	0

0	red_div7/4	2070	1	1796	0	1796	1792	1792	1791	0	1793	1792	2070	0	0	0	0	0	0	1	0	0	0	0	0	1	1	0	5	5	4	0	17.342599	17.362595	0

0	blue_div7/4	5377	16	5092	0	5092	1880	1872	1796	0	1873	1797	5536	0	0	0	0	0	0	1	0	0	0	0	0	1	4	1	5	11	10	0	62.096830	65.876650	0

0	red_div10/4	2070	1	1806	0	1806	1798	1797	1797	0	1798	1798	2070	0	0	0	0	0	0	1	0	0	0	0	0	1	1	0	5	6	5	0	17.341580	17.341581	0

0	red_corps15	853	0	3024	353	2671	1520	1494	1296	353	1495	1297	865	0	0	0	0	0	0	1	0	0	0	0	0	1	4	0	7	22	22	0	7.322744	8.142815	0

0	blue_corps15	841	0	2289	364	1925	1392	1374	1115	364	1375	1116	841	0	0	0	0	0	0	1	0	0	0	0	0	1	2	0	6	14	16	0	7.061433	8.281514	0

0	blue_div6/15	5366	16	5095	6	5089	1870	1863	1796	6	1864	1797	5498	0	0	0	0	0	0	1	0	0	0	0	0	1	4	1	5	12	10	0	61.778444	64.658330	0

0	red_div6/15	3714	8	3450	2	3448	1847	1841	1796	2	1842	1797	3762	0	0	0	0	0	0	1	0	0	0	0	0	1	3	0	5	10	9	0	29.640526	30.500447	0

Config eposfs 36
Node 0: Cache Probes 302219, Cache Hits 302024, Cache Misses 195 Hit Ratio 99.94 percent
Migration Count Node 0: Migrations In 0, Migrations Out 0, Routing Faults 0, States Out 0, States In 0, States Not Sent 0
Page Fault Node	0:	16968
TW node	0	Sun Named	topaz
Node 0: max msg buffs allocated to free pool = 931
Node 0: num msg buffs released from free pool = 9297
Node 0: Max Local Time 2147483647 for Object blue_div4/4
Node 0: No home ask needed for pending entry 26 times
Node 0: Homeasks sent 39 Homeasks received 124
Node 0: Homeans sent 124 Homeans received 39

2	red_div8/15	3841	135	3457	9	3448	2476	2457	1798	9	2458	1799	4499	0	0	0	0	0	0	1	0	0	0	0	0	1	3	1	7	13	9	0	28.720648	39.720095	0

1	blue_div7/15	3969	263	3438	0	3438	2745	2725	1792	0	2726	1793	4838	0	0	0	0	0	0	1	0	0	0	0	0	2	3	2	7	10	11	0	39.280439	58.399172	0

2	red_div8/3	91	0	89	0	89	89	89	89	0	90	90	91	0	0	0	0	0	0	1	0	0	0	0	0	1	0	0	4	4	5	0	0.320129	0.320129	0

1	red_div10/15	2083	21	1879	82	1797	1880	1871	1796	82	1872	1797	2154	0	0	0	0	0	0	1	0	0	0	0	0	2	2	1	7	7	7	0	16.379901	17.339833	0

2	red_div5/3	2141	72	1807	0	1806	1887	1883	1795	0	1884	1796	2189	1	0	0	0	0	0	1	0	0	0	0	0	1	1	0	5	6	5	0	15.940915	16.321037	0

1	red_div7/3	2139	68	1882	79	1801	1988	1971	1796	79	1972	1797	2303	2	0	2	0	0	0	1	0	0	0	0	0	2	2	1	7	7	7	0	16.160138	18.340039	0

2	red_div8/12	2072	9	1802	0	1802	1818	1814	1798	0	1815	1799	2077	0	0	0	0	0	0	1	0	0	0	0	0	1	1	0	5	6	6	0	15.980826	16.020846	0

1	red_div10/12	2099	34	1884	85	1797	1914	1905	1796	85	1906	1797	2206	2	0	2	0	0	0	1	0	0	0	0	0	2	2	1	7	7	7	0	20.179942	21.679798	0

2	red_div8/9	2088	24	1808	6	1802	1859	1854	1798	6	1855	1799	2138	0	0	0	0	0	0	1	0	0	0	0	0	1	1	1	5	6	6	0	15.640265	16.180259	0

1	red_div10/9	4099	375	3611	160	3443	4536	4522	2618	160	4523	2619	5910	8	0	0	0	0	0	1	0	0	0	0	0	3	4	3	9	11	10	0	33.680450	51.379698	0

2	red_div8/18	90	1	96	2	94	91	91	87	2	92	88	92	0	0	0	0	0	0	1	0	0	0	0	0	1	0	0	6	6	8	0	0.440095	0.440102	0

1	red_div8/4	2114	45	1806	0	1806	1861	1859	1800	0	1860	1801	2147	0	0	0	0	0	0	1	0	0	0	0	0	2	1	1	6	6	5	0	15.341118	15.641167	0

2	red_div5/18	1200	17	999	14	985	1012	1007	976	14	1008	977	1206	0	0	0	0	0	0	1	0	0	0	0	0	1	0	0	4	9	6	0	8.180941	8.340973	0

1	red_div7/6	2115	47	1799	0	1799	1863	1855	1798	0	1856	1799	2164	0	0	0	0	0	0	1	0	0	0	0	0	1	1	1	5	5	5	0	16.180987	16.561033	0

2	red_div9/4	2077	8	1806	0	1806	1810	1809	1797	0	1810	1798	2077	0	0	0	0	0	0	1	0	0	0	0	0	1	1	0	5	6	5	0	18.021009	18.061017	0

1	red_div8/13	3870	163	3537	93	3443	2511	2486	1794	93	2487	1795	4553	1	0	1	0	0	0	1	0	0	0	0	0	2	4	3	7	10	9	0	27.219989	37.219587	0

2	red_div10/14	0	0	0	0	0	0	0	0	0	1	1	0	0	0	0	0	0	0	1	0	0	0	0	0	0	0	0	1	0	0	0	0.000001	0.000001	0

1	red_div5/1	2137	65	1821	10	1811	1883	1879	1799	10	1880	1800	2200	0	0	1	0	0	0	1	0	0	0	0	0	2	1	1	6	10	6	0	16.500679	17.040762	0

2	stdout	0	0	0	0	0	0	0	0	0	0	0	0	0	0	0	0	0	0	0	0	0	0	0	0	0	0	0	0	0	0	0	0.000000	0.000000	0

1	red_div8/1	91	0	96	0	96	90	90	89	0	91	90	91	0	0	0	0	0	0	1	0	0	0	0	0	1	0	0	3	4	5	0	0.480082	0.480083	0

2	distrib1	34	0	17	0	17	1	1	1	0	2	2	34	0	0	0	0	0	0	1	0	0	0	0	0	1	0	0	2	17	34	0	0.020027	0.020027	0

1	red_div8/10	4046	319	3444	1	3443	3570	3546	2621	1	3547	2622	4790	0	0	2	0	0	0	1	0	0	0	0	0	2	3	2	8	9	8	0	30.260064	34.720790	0

2	distrib4	34	0	17	0	17	1	1	1	0	2	2	34	0	0	0	0	0	0	1	0	0	0	0	0	1	0	0	2	17	34	0	0.040029	0.040029	0

1	red_div8/7	2100	34	1803	0	1803	1853	1848	1795	0	1849	1796	2132	0	0	0	0	0	0	1	0	0	0	0	0	2	1	1	6	5	5	0	16.540920	16.860950	0

2	distrib7	34	0	17	0	17	1	1	1	0	2	2	34	0	0	0	0	0	0	1	0	0	0	0	0	1	0	0	2	17	34	0	0.020031	0.020031	0

1	red_div5/7	1193	9	1003	15	988	1024	1022	978	15	1023	979	1223	0	0	0	0	0	0	1	0	0	0	0	0	1	0	0	5	8	5	0	8.580642	8.900654	0

2	distrib10	32	0	16	0	16	1	1	1	0	2	2	32	0	0	0	0	0	0	1	0	0	0	0	0	1	0	0	2	16	32	0	0.080029	0.080029	0

1	blue_div5/7	2100	33	1799	0	1799	1849	1845	1796	0	1846	1797	2133	0	0	0	0	0	0	1	0	0	0	0	0	2	1	1	6	5	5	0	22.660396	22.840444	0

2	distrib13	34	0	17	0	17	1	1	1	0	2	2	34	0	0	0	0	0	0	1	0	0	0	0	0	1	0	0	2	17	34	0	0.000036	0.000036	0

1	blue_div6/8	4023	311	3455	9	3445	2711	2686	1792	9	2687	1793	4758	1	0	1	0	0	0	1	0	0	0	0	0	2	3	2	6	9	8	0	39.740450	56.700103	0

2	distrib16	32	0	16	0	16	1	1	1	0	2	2	32	0	0	0	0	0	0	1	0	0	0	0	0	1	0	0	2	16	32	0	0.060027	0.060027	0

1	red_div9/14	3842	110	3545	95	3443	2794	2782	2616	95	2783	2617	3917	7	0	8	0	0	0	1	0	0	0	0	0	3	4	3	8	11	9	0	29.039907	30.299916	0

2	blue_div2/3	1	0	6	0	6	3	3	3	0	4	4	1	0	0	0	0	0	0	1	0	0	0	0	0	1	0	0	3	5	1	0	0.020002	0.020002	0

1	red_div10/6	0	0	0	0	0	0	0	0	0	1	1	0	0	0	0	0	0	0	1	0	0	0	0	0	0	0	0	1	0	0	0	0.000001	0.000001	0

2	blue_div5/3	1	0	6	0	6	3	3	3	0	4	4	1	0	0	0	0	0	0	1	0	0	0	0	0	1	0	0	3	5	1	0	0.000005	0.000005	0

1	red_div10/3	0	0	0	0	0	0	0	0	0	1	1	0	0	0	0	0	0	0	1	0	0	0	0	0	0	0	0	1	0	0	0	0.000001	0.000001	0

2	red_div1/2	1	0	4	0	4	3	3	3	0	4	4	1	0	0	0	0	0	0	1	0	0	0	0	0	1	0	0	3	3	1	0	0.020002	0.020002	0

1	G0,19	0	0	0	0	0	0	0	0	0	1	1	0	0	0	0	0	0	0	1	0	0	0	0	0	0	0	0	1	0	0	0	0.000001	0.000001	0

2	blue_div2/6	1	0	3	0	3	3	3	3	0	4	4	1	0	0	0	0	0	0	1	0	0	0	0	0	1	0	0	3	2	1	0	0.020001	0.020001	0

1	stdout	0	0	0	0	0	0	0	0	0	0	0	0	0	0	0	0	0	0	0	0	0	0	0	0	0	0	0	0	0	0	0	0.000000	0.000000	0

2	red_div1/5	1	0	4	0	4	3	3	3	0	4	4	1	0	0	0	0	0	0	1	0	0	0	0	0	1	0	0	3	3	1	0	0.020001	0.020001	0

1	distrib3	32	0	16	0	16	1	1	1	0	2	2	32	0	0	0	0	0	0	1	0	0	0	0	0	1	0	0	2	16	32	0	0.040032	0.040032	0

2	blue_div2/9	1	0	3	0	3	3	3	3	0	4	4	1	0	0	0	0	0	0	1	0	0	0	0	0	1	0	0	3	2	1	0	0.000005	0.000005	0

1	distrib6	32	0	16	0	16	1	1	1	0	2	2	32	0	0	0	0	0	0	1	0	0	0	0	0	1	0	0	2	16	32	0	0.040026	0.040026	0

2	red_div1/8	1	0	4	0	4	3	3	3	0	4	4	1	0	0	0	0	0	0	1	0	0	0	0	0	1	0	0	3	3	1	0	0.000005	0.000005	0

1	distrib9	34	0	17	0	17	1	1	1	0	2	2	34	0	0	0	0	0	0	1	0	0	0	0	0	1	0	0	2	17	34	0	0.100022	0.100022	0

2	blue_div2/12	1	0	3	0	3	3	3	3	0	4	4	1	0	0	0	0	0	0	1	0	0	0	0	0	1	0	0	3	2	1	0	0.000005	0.000005	0

1	distrib12	34	0	17	0	17	1	1	1	0	2	2	34	0	0	0	0	0	0	1	0	0	0	0	0	1	0	0	2	17	34	0	0.060027	0.060027	0

2	red_div1/11	1	0	4	0	4	3	3	3	0	4	4	1	0	0	0	0	0	0	1	0	0	0	0	0	1	0	0	3	3	1	0	0.000005	0.000005	0

1	distrib15	34	0	17	0	17	1	1	1	0	2	2	34	0	0	0	0	0	0	1	0	0	0	0	0	1	0	0	2	17	34	0	0.080028	0.080028	0

2	blue_div3/1	1	0	6	0	6	3	3	3	0	4	4	1	0	0	0	0	0	0	1	0	0	0	0	0	1	0	0	3	5	1	0	0.020004	0.020004	0

1	distrib18	34	0	17	0	17	1	1	1	0	2	2	34	0	0	0	0	0	0	1	0	0	0	0	0	1	0	0	2	17	34	0	0.060025	0.060025	0

2	red_div2/3	1	0	3	0	3	3	3	3	0	4	4	1	0	0	0	0	0	0	1	0	0	0	0	0	1	0	0	3	2	1	0	0.000005	0.000005	0

1	blue_div1/3	1	0	6	0	6	3	3	3	0	4	4	1	0	0	0	0	0	0	1	0	0	0	0	0	1	0	0	3	5	1	0	0.020002	0.020002	0

2	red_div1/14	1	0	3	0	3	3	3	3	0	4	4	1	0	0	0	0	0	0	1	0	0	0	0	0	1	0	0	3	2	1	0	0.000005	0.000005	0

1	blue_div4/3	1	0	6	0	6	3	3	3	0	4	4	1	0	0	0	0	0	0	1	0	0	0	0	0	1	0	0	3	5	1	0	0.020004	0.020004	0

2	red_div2/6	1	0	3	0	3	3	3	3	0	4	4	1	0	0	0	0	0	0	1	0	0	0	0	0	1	0	0	3	2	1	0	0.000005	0.000005	0

1	red_div2/1	1	0	3	0	3	3	3	3	0	4	4	1	0	0	0	0	0	0	1	0	0	0	0	0	1	0	0	3	2	1	0	0.000005	0.000005	0

2	blue_div2/15	1	0	4	0	4	3	3	3	0	4	4	1	0	0	0	0	0	0	1	0	0	0	0	0	1	0	0	3	3	1	0	0.000005	0.000005	0

1	red_div3/2	1	0	4	0	4	3	3	3	0	4	4	1	0	0	0	0	0	0	1	0	0	0	0	0	1	0	0	3	3	1	0	0.020004	0.020004	0

2	blue_div1/2	1	0	6	0	6	3	3	3	0	4	4	1	0	0	0	0	0	0	1	0	0	0	0	0	1	0	0	3	5	1	0	0.040002	0.040002	0

1	blue_div1/6	1	0	3	0	3	3	3	3	0	4	4	1	0	0	0	0	0	0	1	0	0	0	0	0	1	0	0	3	2	1	0	0.020002	0.020002	0

2	red_div2/9	1	0	4	0	4	3	3	3	0	4	4	1	0	0	0	0	0	0	1	0	0	0	0	0	1	0	0	2	3	1	0	0.000005	0.000005	0

1	red_div3/5	1	0	4	0	4	3	3	3	0	4	4	1	0	0	0	0	0	0	1	0	0	0	0	0	1	0	0	3	3	1	0	0.000005	0.000005	0

2	blue_div4/2	1	0	6	0	6	3	3	3	0	4	4	1	0	0	0	0	0	0	1	0	0	0	0	0	1	0	0	2	5	1	0	0.000005	0.000005	0

1	red_div3/8	1	0	4	0	4	3	3	3	0	4	4	1	0	0	0	0	0	0	1	0	0	0	0	0	1	0	0	3	3	1	0	0.000005	0.000005	0

2	blue_div3/7	1	0	4	0	4	3	3	3	0	4	4	1	0	0	0	0	0	0	1	0	0	0	0	0	1	0	0	2	3	1	0	0.000005	0.000005	0

1	red_div2/4	1	0	3	0	3	3	3	3	0	4	4	1	0	0	0	0	0	0	1	0	0	0	0	0	1	0	0	3	2	1	0	0.020001	0.020001	0

2	red_div3/13	1	0	4	0	4	3	3	3	0	4	4	1	0	0	0	0	0	0	1	0	0	0	0	0	1	0	0	2	3	1	0	0.000005	0.000005	0

1	red_div3/11	1	0	4	0	4	3	3	3	0	4	4	1	0	0	0	0	0	0	1	0	0	0	0	0	1	0	0	3	3	1	0	0.020001	0.020001	0

2	blue_div3/13	1	0	4	0	4	3	3	3	0	4	4	1	0	0	0	0	0	0	1	0	0	0	0	0	1	0	0	2	3	1	0	0.000005	0.000005	0

1	red_div2/7	1	0	3	0	3	3	3	3	0	4	4	1	0	0	0	0	0	0	1	0	0	0	0	0	1	0	0	3	2	1	0	0.020001	0.020001	0

2	blue_div1/5	1	0	3	0	3	3	3	3	0	4	4	1	0	0	0	0	0	0	1	0	0	0	0	0	1	0	0	2	2	1	0	0.059999	0.059999	0

1	blue_div1/12	1	0	3	0	3	3	3	3	0	4	4	1	0	0	0	0	0	0	1	0	0	0	0	0	1	0	0	3	2	1	0	0.000005	0.000005	0

2	red_div2/12	1	0	4	0	4	3	3	3	0	4	4	1	0	0	0	0	0	0	1	0	0	0	0	0	1	0	0	2	3	1	0	0.000005	0.000005	0

1	blue_div1/9	1	0	3	0	3	3	3	3	0	4	4	1	0	0	0	0	0	0	1	0	0	0	0	0	1	0	0	3	2	1	0	0.000005	0.000005	0

2	blue_div2/18	1	0	6	0	6	3	3	3	0	4	4	1	0	0	0	0	0	0	1	0	0	0	0	0	1	0	0	2	5	1	0	0.040000	0.040000	0

1	blue_div1/15	1	0	4	0	4	3	3	3	0	4	4	1	0	0	0	0	0	0	1	0	0	0	0	0	1	0	0	3	3	1	0	0.000005	0.000005	0

2	red_div1/17	1	0	4	0	4	3	3	3	0	4	4	1	0	0	0	0	0	0	1	0	0	0	0	0	1	0	0	2	3	1	0	0.000005	0.000005	0

1	red_div1/3	1	0	3	0	3	3	3	3	0	4	4	1	0	0	0	0	0	0	1	0	0	0	0	0	1	0	0	3	2	1	0	0.000005	0.000005	0

2	blue_div1/8	1	0	4	0	4	3	3	3	0	4	4	1	0	0	0	0	0	0	1	0	0	0	0	0	1	0	0	2	3	1	0	0.020000	0.020000	0

1	red_div3/17	1	0	4	0	4	3	3	3	0	4	4	1	0	0	0	0	0	0	1	0	0	0	0	0	1	0	0	3	3	1	0	0.000005	0.000005	0

2	red_div2/15	1	0	4	0	4	3	3	3	0	4	4	1	0	0	0	0	0	0	1	0	0	0	0	0	1	0	0	2	3	1	0	0.000005	0.000005	0

1	blue_div2/1	1	0	6	0	6	3	3	3	0	4	4	1	0	0	0	0	0	0	1	0	0	0	0	0	1	0	0	3	5	1	0	0.100004	0.100004	0

2	blue_div5/18	1	0	6	0	6	3	3	3	0	4	4	1	0	0	0	0	0	0	1	0	0	0	0	0	1	0	0	2	5	1	0	0.000005	0.000005	0

1	blue_div5/1	1	0	6	0	6	3	3	3	0	4	4	1	0	0	0	0	0	0	1	0	0	0	0	0	1	0	0	3	5	1	0	0.020002	0.020002	0

2	blue_div1/11	1	0	6	0	6	3	3	3	0	4	4	1	0	0	0	0	0	0	1	0	0	0	0	0	1	0	0	2	5	1	0	0.000005	0.000005	0

1	blue_div2/4	1	0	3	0	3	3	3	3	0	4	4	1	0	0	0	0	0	0	1	0	0	0	0	0	1	0	0	3	2	1	0	0.000005	0.000005	0

2	blue_div4/11	1	0	6	0	6	3	3	3	0	4	4	1	0	0	0	0	0	0	1	0	0	0	0	0	1	0	0	2	5	1	0	0.020002	0.020002	0

1	red_div1/6	1	0	3	0	3	3	3	3	0	4	4	1	0	0	0	0	0	0	1	0	0	0	0	0	1	0	0	3	2	1	0	0.000005	0.000005	0

2	blue_div1/14	1	0	3	0	3	3	3	3	0	4	4	1	0	0	0	0	0	0	1	0	0	0	0	0	1	0	0	2	2	1	0	0.039999	0.039999	0

1	blue_div3/2	1	0	6	0	6	3	3	3	0	4	4	1	0	0	0	0	0	0	1	0	0	0	0	0	1	0	0	3	5	1	0	0.000005	0.000005	0

2	red_div2/18	1	0	3	0	3	3	3	3	0	4	4	1	0	0	0	0	0	0	1	0	0	0	0	0	1	0	0	2	2	1	0	0.020004	0.020004	0

1	red_div1/9	1	0	4	0	4	3	3	3	0	4	4	1	0	0	0	0	0	0	1	0	0	0	0	0	1	0	0	3	3	1	0	0.020000	0.020000	0

2	blue_div1/17	1	0	6	0	6	3	3	3	0	4	4	1	0	0	0	0	0	0	1	0	0	0	0	0	1	0	0	2	5	1	0	0.000005	0.000005	0

1	blue_div3/8	1	0	4	0	4	3	3	3	0	4	4	1	0	0	0	0	0	0	1	0	0	0	0	0	1	0	0	3	3	1	0	0.000005	0.000005	0

2	blue_div4/17	1	0	6	0	6	3	3	3	0	4	4	1	0	0	0	0	0	0	1	0	0	0	0	0	1	0	0	2	5	1	0	0.020002	0.020002	0

1	red_div1/12	1	0	4	0	4	3	3	3	0	4	4	1	0	0	0	0	0	0	1	0	0	0	0	0	1	0	0	3	3	1	0	0.000005	0.000005	0

2	G0,5	182	1	110	1	109	65	63	60	1	64	61	223	0	0	0	0	0	0	1	0	0	0	0	0	1	0	0	4	31	33	0	31.559903	34.299875	0

1	blue_div3/11	1	0	6	0	6	3	3	3	0	4	4	1	0	0	0	0	0	0	1	0	0	0	0	0	1	0	0	3	5	1	0	0.020000	0.020000	0

2	G0,11	174	0	107	0	107	58	58	57	0	59	58	179	0	0	0	0	0	0	1	0	0	0	0	0	1	0	0	4	30	24	0	33.759887	34.239883	0

1	red_div1/15	1	0	4	0	4	3	3	3	0	4	4	1	0	0	0	0	0	0	1	0	0	0	0	0	1	0	0	3	3	1	0	0.000005	0.000005	0

2	G0,8	168	1	111	1	110	63	61	60	1	62	61	175	0	0	0	0	0	0	1	0	0	0	0	0	1	0	0	3	31	22	0	37.419899	38.539893	0

1	blue_div3/17	1	0	6	0	6	3	3	3	0	4	4	1	0	0	0	0	0	0	1	0	0	0	0	0	1	0	0	3	5	0	0	0.000005	0.000005	0

2	G0,14	153	1	102	1	101	59	58	55	1	59	56	178	0	0	0	0	0	0	1	0	0	0	0	0	1	0	0	3	28	25	0	32.359910	34.559904	0

1	red_div2/10	1	0	3	0	3	3	3	3	0	4	4	1	0	0	0	0	0	0	1	0	0	0	0	0	1	0	0	3	2	1	0	0.000005	0.000005	0

2	G0,2	127	3	87	3	84	54	51	48	3	52	49	152	0	0	0	0	0	0	1	0	0	0	0	0	1	0	0	3	22	32	0	26.479908	29.419897	0

1	blue_div2/7	1	0	4	0	4	4	4	3	0	5	4	1	0	0	0	0	0	0	1	0	0	0	0	0	1	0	0	3	3	1	0	0.000005	0.000006	0

2	G0,17	180	4	97	2	95	60	58	54	2	59	55	191	0	0	0	0	0	0	1	0	0	0	0	0	1	0	0	5	25	40	0	31.139886	34.039869	0

1	blue_div2/10	1	0	3	0	3	3	3	3	0	4	4	1	0	0	0	0	0	0	1	0	0	0	0	0	1	0	0	3	2	1	0	0.020001	0.020001	0

2	red_corps16	906	0	3365	546	2819	1885	1806	1116	546	1807	1117	1118	0	0	0	0	0	0	1	0	0	0	0	0	1	4	0	6	22	20	0	7.840413	11.080556	0

1	blue_div1/18	1	0	6	0	6	6	6	3	0	7	4	1	0	0	0	0	0	0	1	0	0	0	0	0	1	0	0	3	5	1	0	0.000005	0.000008	0

2	blue_corps16	898	0	2954	681	2273	1799	1750	1112	681	1751	1113	1093	0	0	0	0	0	0	1	0	0	0	0	0	1	3	0	6	16	16	0	7.900439	11.540586	0

1	blue_div4/18	1	0	6	0	6	6	6	3	0	7	4	1	0	0	0	0	0	0	1	0	0	0	0	0	1	0	0	3	5	1	0	0.000005	0.020005	0

2	blue_div3/16	5056	512	4310	41	4269	3929	3910	2616	41	3911	2617	5999	0	0	0	0	0	0	1	0	0	0	0	0	2	4	2	7	11	10	0	49.940170	71.839248	0

1	blue_div2/13	1	0	4	0	4	4	4	3	0	5	4	1	0	0	0	0	0	0	1	0	0	0	0	0	1	0	0	3	3	1	0	0.039994	0.039995	0

2	red_div3/16	5059	516	4311	42	4269	3927	3914	2616	42	3915	2617	5999	0	0	0	0	0	0	1	0	0	0	0	0	2	4	2	7	11	10	0	35.300858	50.380594	0

1	red_div2/13	1	0	4	0	4	4	4	3	0	5	4	1	0	0	0	0	0	0	1	0	0	0	0	0	1	0	0	3	3	1	0	0.020002	0.020003	0

2	blue_div6/16	3887	183	3436	0	3436	2528	2517	1786	0	2518	1787	4560	0	0	0	0	0	0	1	0	0	0	0	0	2	3	1	7	10	9	0	39.200571	54.599711	0

1	blue_div2/16	1	0	3	0	3	3	3	3	0	4	4	1	0	0	0	0	0	0	1	0	0	0	0	0	1	0	0	3	2	1	0	0.039997	0.039997	0

2	red_div6/16	2062	2	1802	7	1795	1795	1794	1790	7	1795	1791	2066	0	0	0	0	0	0	1	0	0	0	0	0	2	2	1	7	7	7	0	15.800286	15.880273	0

1	red_div1/18	1	0	3	0	3	3	3	3	0	4	4	1	0	0	0	0	0	0	1	0	0	0	0	0	1	0	0	3	2	0	0	0.020001	0.020001	0

2	red_div9/16	2120	60	1795	0	1795	1861	1861	1789	0	1862	1790	2120	0	0	0	0	0	0	1	0	0	0	0	0	1	1	0	6	6	5	0	16.341330	16.641394	0

1	red_div2/16	1	0	3	0	3	3	3	3	0	4	4	1	0	0	0	0	0	0	1	0	0	0	0	0	1	0	0	3	2	1	0	0.000005	0.000005	0

2	red_div7/5	2077	8	1848	48	1799	1814	1812	1798	48	1813	1799	2089	1	0	1	0	0	0	1	0	0	0	0	0	1	2	1	7	8	7	0	15.700256	15.980234	0

1	G0,4	185	3	110	3	107	67	61	57	3	62	58	236	0	0	0	0	0	0	1	0	0	0	0	0	1	0	0	6	31	27	0	33.759879	38.719853	0

2	blue_div4/5	3774	46	3483	29	3454	2916	2907	2623	29	2908	2624	4048	0	0	1	0	0	0	1	0	0	0	0	0	2	3	1	9	10	10	0	42.299608	48.159157	0

1	G0,7	147	1	100	1	99	60	58	53	1	59	54	172	0	0	0	0	0	0	1	0	0	0	0	0	1	0	0	6	28	24	0	30.799887	34.119870	0

2	red_div4/5	4626	75	4310	32	4277	2814	2805	2620	32	2806	2621	4779	1	0	0	0	0	0	1	0	0	0	0	0	2	4	2	7	13	12	0	37.120347	39.300342	0

1	G0,13	169	6	110	5	105	64	61	56	5	62	57	197	0	0	0	0	0	0	1	0	0	0	0	0	1	0	0	8	28	24	0	29.759864	33.699829	0

2	blue_div7/5	3751	32	3445	0	3442	1917	1908	1794	0	1909	1795	3874	3	0	5	0	0	0	1	0	0	0	0	0	2	4	2	7	12	12	0	40.879552	43.419437	0

1	G0,1	132	3	89	3	86	53	51	47	3	52	48	160	0	0	0	0	0	0	1	0	0	0	0	0	1	0	0	6	21	36	0	27.319916	30.999897	0

2	red_div10/5	2073	3	1802	1	1799	1806	1806	1798	1	1807	1799	2079	2	0	2	0	0	0	1	0	0	0	0	0	2	2	1	7	7	7	0	17.380224	17.460219	0

1	G0,10	131	2	88	2	86	53	52	47	2	53	48	147	0	0	0	0	0	0	1	0	0	0	0	0	1	0	0	6	20	36	0	27.179913	30.279892	0

2	red_div4/17	2073	13	1873	73	1800	1816	1811	1792	73	1812	1793	2084	0	0	0	0	0	0	1	0	0	0	0	0	1	2	1	7	8	6	0	15.900498	16.140480	0

1	G0,16	132	5	88	4	84	60	58	45	4	59	46	191	0	0	0	0	0	0	1	0	0	0	0	0	1	0	0	8	19	36	0	26.759920	35.959868	0

2	red_div7/17	2064	4	1809	14	1795	1810	1809	1792	14	1810	1793	2077	0	0	0	0	0	0	1	0	0	0	0	0	1	2	1	7	7	6	0	16.380461	16.640452	0

1	red_div9/5	2093	18	1808	0	1799	1826	1823	1798	0	1824	1799	2093	9	0	7	0	0	0	1	0	0	0	0	0	2	2	1	6	6	6	0	16.520386	16.580415	0

2	blue_div7/17	3896	192	3437	0	3436	2622	2610	1788	0	2611	1789	4658	1	0	0	0	0	0	1	0	0	0	0	0	1	3	1	7	10	9	0	40.760735	57.979291	0

1	blue_corps5	911	0	2765	466	2299	1633	1597	1092	466	1598	1093	911	0	0	0	0	0	0	1	0	0	0	0	0	1	4	0	8	16	16	0	10.820476	14.240521	0

2	red_div10/17	91	2	88	1	87	93	93	87	1	94	88	95	0	0	0	0	0	0	1	0	0	0	0	0	1	0	0	6	5	8	0	0.680103	0.740101	0

1	red_corps5	921	0	3108	268	2840	1587	1531	1093	268	1532	1094	921	0	0	0	0	0	0	1	0	0	0	0	0	1	5	0	9	22	22	0	10.940172	12.820223	0

2	blue_corps7	909	0	2090	87	2003	1490	1465	1096	87	1466	1097	949	0	0	0	0	0	0	1	0	0	0	0	0	1	3	0	8	15	16	0	8.560407	10.480511	0

1	red_corps17	707	0	2199	145	2054	1657	1608	861	145	1609	862	879	0	0	0	0	0	0	1	0	0	0	0	0	1	3	0	6	22	22	0	6.280475	8.480804	0

2	red_corps7	923	0	3033	63	2970	1675	1632	1270	63	1633	1271	951	0	0	0	0	0	0	1	0	0	0	0	0	1	5	0	9	25	22	0	9.740584	11.340698	0

1	blue_corps17	558	0	1538	452	1086	1330	1295	790	452	1296	791	638	0	0	1	0	0	0	1	0	0	0	0	0	1	2	0	5	9	16	0	3.820467	5.820626	0

2	red_div3/7	2072	4	1810	1	1809	1805	1805	1799	1	1806	1800	2072	0	0	0	0	0	0	1	0	0	0	0	0	1	1	0	5	5	5	0	16.240781	16.260788	0

1	red_div6/17	2074	14	1891	91	1800	1856	1846	1793	91	1847	1794	2132	0	0	0	0	0	0	1	0	0	0	0	0	2	2	1	7	8	7	0	15.640302	16.420273	0

2	red_div6/7	1193	9	1000	12	988	991	990	978	12	991	979	1196	0	0	0	0	0	0	1	0	0	0	0	0	1	0	0	4	8	5	0	8.840821	8.920824	0

1	blue_div6/17	5895	547	5082	0	5082	3425	3370	1787	0	3371	1788	7954	0	0	0	0	0	0	1	0	0	0	0	0	2	5	3	7	14	12	0	60.499981	108.457961	0

2	blue_div6/7	2077	10	1799	0	1799	1808	1808	1796	0	1809	1797	2077	0	0	0	0	0	0	1	0	0	0	0	0	1	1	0	5	5	5	0	22.300863	22.340877	0

1	red_div9/17	93	0	91	0	87	91	91	87	0	92	88	93	4	0	4	0	0	0	1	0	0	0	0	0	1	0	0	4	3	5	0	0.360052	0.380059	0

2	red_div9/7	2082	16	1803	0	1803	1814	1814	1796	0	1815	1797	2082	0	0	0	0	0	0	1	0	0	0	0	0	1	1	0	5	6	5	0	16.841028	16.941026	0

1	red_corps8	853	0	2824	199	2625	2126	2069	1272	199	2070	1273	980	0	0	0	0	0	0	1	0	0	0	0	0	2	4	0	9	22	22	0	10.320318	13.880474	0

2	blue_div4/8	3791	65	3444	1	3442	2990	2980	2613	1	2981	2614	4139	1	0	2	0	0	0	1	0	0	0	0	0	2	3	1	9	11	10	0	40.380346	48.239720	0

1	blue_corps8	841	0	2219	284	1935	1823	1779	1093	284	1780	1094	902	0	0	0	0	0	0	1	0	0	0	0	0	1	3	0	8	13	16	0	7.600478	12.760620	0

2	red_div4/8	2071	3	1816	11	1804	1810	1808	1794	11	1809	1795	2085	1	0	1	0	0	0	1	0	0	0	0	0	2	2	1	7	7	7	0	16.100376	16.260375	0

1	red_div6/8	1195	11	987	3	983	997	996	978	3	997	979	1200	1	0	0	0	0	0	1	0	0	0	0	0	1	1	0	5	8	7	0	8.080547	8.160566	0

2	blue_div7/8	3727	18	3439	0	3438	1875	1873	1787	0	1874	1788	3815	1	0	0	0	0	0	1	0	0	0	0	0	2	4	2	7	10	9	0	39.239443	41.179285	0

1	red_div9/8	2100	30	1801	0	1797	1831	1829	1791	0	1830	1792	2100	4	0	5	0	0	0	1	0	0	0	0	0	2	2	1	6	6	6	0	16.040694	16.200700	0

2	red_div7/8	3863	151	3520	74	3445	2514	2503	1792	74	2504	1793	4544	1	0	1	0	0	0	1	0	0	0	0	0	1	3	1	5	10	8	0	28.280774	38.380178	0

1	blue_corps11	565	0	1558	462	1096	1254	1233	777	462	1234	778	606	0	0	0	0	0	0	1	0	0	0	0	0	1	2	0	6	9	16	0	5.020433	8.160515	0

2	red_div10/8	2067	2	1798	1	1797	1797	1796	1791	1	1797	1792	2072	0	0	0	0	0	0	1	0	0	0	0	0	2	2	1	7	7	6	0	16.040163	16.060172	0

1	red_corps11	717	0	2182	113	2069	1477	1445	849	113	1446	850	827	0	0	0	0	0	0	1	0	0	0	0	0	1	3	0	8	22	22	0	7.740450	9.280700	0

2	blue_corps10	911	0	2773	481	2292	1614	1576	1095	481	1577	1096	925	0	0	0	0	0	0	1	0	0	0	0	0	1	3	0	6	16	16	0	7.700357	10.520366	0

1	blue_div6/11	5996	644	5084	0	5084	3509	3436	1790	0	3437	1791	8124	0	0	1	0	0	0	1	0	0	0	0	0	2	5	4	7	14	12	0	56.620046	102.237968	0

2	red_corps10	919	0	3371	588	2782	1890	1845	1321	588	1846	1322	971	1	0	0	0	0	0	1	0	0	0	0	0	1	4	0	7	22	20	0	10.540544	13.800683	0

1	red_div6/11	2082	19	1946	144	1802	1893	1887	1796	144	1888	1797	2177	0	0	0	0	0	0	1	0	0	0	0	0	2	2	2	7	7	7	0	16.479662	17.939525	0

2	red_div3/10	3867	156	3459	8	3450	2530	2525	1801	8	2526	1802	4558	1	0	1	0	0	0	1	0	0	0	0	0	1	3	1	6	10	9	0	28.400387	39.479834	0

1	red_div9/11	95	0	93	0	88	93	92	88	0	93	89	95	5	0	5	0	0	0	1	0	0	0	0	0	1	0	0	4	4	5	0	0.360065	0.420070	0

2	blue_div3/10	5084	535	4344	75	4268	3931	3915	2614	75	3916	2615	6024	1	0	1	0	0	0	1	0	0	0	0	0	2	4	2	8	12	11	0	51.839865	73.278888	0

1	blue_corps2	573	0	1474	364	1110	1100	1083	772	364	1084	773	573	0	0	0	0	0	0	1	0	0	0	0	0	1	2	0	6	10	16	0	4.900377	6.680496	0

2	red_div6/10	2084	20	1934	136	1797	1825	1823	1796	136	1824	1797	2100	1	0	0	0	0	0	1	0	0	0	0	0	1	2	1	5	7	6	0	16.160287	16.520280	0

1	blue_div6/2	5798	429	5098	0	5092	3403	3349	1793	0	3350	1794	7987	6	0	7	0	0	0	1	0	0	0	0	0	2	5	3	7	14	13	0	58.260432	104.477374	0

2	blue_div6/10	3740	32	3602	158	3443	1928	1917	1796	158	1918	1797	3874	1	0	0	0	0	0	1	0	0	0	0	0	2	4	2	6	10	9	0	40.499479	43.519319	0

1	red_div6/2	2083	7	1893	81	1806	1882	1873	1799	81	1874	1800	2157	6	0	6	0	0	0	1	0	0	0	0	0	2	2	1	7	7	7	0	16.399693	17.439613	0

2	red_div9/10	3764	39	3445	2	3443	2673	2669	2620	2	2670	2621	3774	0	0	0	0	0	0	1	0	0	0	0	0	2	3	1	6	9	8	0	29.940898	30.300897	0

1	red_div9/2	98	0	96	0	89	96	94	89	0	95	90	98	7	0	7	0	0	0	1	0	0	0	0	0	1	0	0	4	4	5	0	1.080127	1.080139	0

2	red_div4/11	2074	11	1912	109	1802	1816	1816	1794	109	1817	1795	2084	1	0	0	0	0	0	1	0	0	0	0	0	1	2	1	6	6	6	0	16.519956	16.719949	0

1	blue_corps14	911	0	2945	660	2284	2052	2000	1107	660	2001	1108	1067	1	0	0	0	0	0	1	0	0	0	0	0	1	3	0	6	16	16	0	9.260270	13.160426	0

2	red_div7/11	2070	7	1807	10	1797	1806	1805	1794	10	1806	1795	2078	0	0	0	0	0	0	1	0	0	0	0	0	1	2	1	6	6	6	0	16.280331	16.360344	0

1	red_corps14	919	0	3172	398	2773	2163	2127	1322	398	2128	1323	1158	1	0	0	0	0	0	1	0	0	0	0	0	1	4	0	7	22	20	0	15.900339	20.880422	0

2	blue_div7/11	3872	165	3438	0	3438	2513	2497	1790	0	2498	1791	4545	0	0	0	0	0	0	1	0	0	0	0	0	1	3	1	7	10	9	0	39.800271	54.979464	0

1	red_corps2	729	0	2143	49	2094	1129	1101	848	49	1102	849	748	0	0	2	0	0	0	1	0	0	0	0	0	1	4	0	8	22	22	0	5.920440	6.800440	0

2	red_div10/11	90	0	88	0	88	88	88	88	0	89	89	90	0	0	0	0	0	0	1	0	0	0	0	0	1	0	0	5	4	6	0	0.400065	0.400065	0

1	red_div3/14	3928	206	3589	126	3448	2629	2607	1798	126	2608	1799	4656	15	0	16	0	0	0	1	0	0	0	0	0	2	4	3	7	11	9	0	27.900366	39.359462	0

2	red_corps1	798	0	2252	77	2174	1056	1042	910	77	1043	911	798	1	0	0	0	0	0	1	0	0	0	0	0	1	4	0	6	25	22	0	8.640371	9.020393	0

1	blue_div3/14	5256	695	4318	37	4266	3858	3829	2615	37	3830	2616	5982	15	0	16	0	0	0	1	0	0	0	0	0	3	5	3	9	12	12	0	50.440469	68.339743	0

2	blue_corps1	573	0	1260	147	1112	973	963	770	147	964	771	573	1	0	0	0	0	0	1	0	0	0	0	0	1	2	0	5	9	16	0	6.360469	7.060526	0

1	red_div6/14	2138	76	1797	0	1797	1883	1882	1794	0	1883	1795	2138	0	0	0	0	0	0	1	0	0	0	0	0	2	1	1	6	5	6	0	16.260975	16.561032	0

2	red_div3/1	2071	0	1820	9	1811	1806	1806	1801	9	1807	1802	2075	0	0	0	0	0	0	1	0	0	0	0	0	1	1	1	7	9	6	0	16.399903	16.479888	0

1	blue_div6/14	4025	317	3484	40	3443	2783	2774	1794	40	2775	1795	4840	1	0	2	0	0	0	1	0	0	0	0	0	2	4	2	7	10	10	0	38.980027	57.018833	0

2	blue_div6/1	7183	174	6743	1	6740	2662	2635	1793	1	2636	1794	9532	2	0	0	0	0	0	1	0	0	0	0	0	1	7	3	7	21	16	0	79.520155	130.897491	0

1	blue_div6/5	3931	216	3444	1	3442	2544	2521	1794	1	2522	1795	4574	1	0	1	0	0	0	1	0	0	0	0	0	2	3	2	6	8	9	0	39.399877	53.619307	0

2	red_div6/1	2071	0	1819	8	1811	1804	1804	1799	8	1805	1800	2075	0	0	0	0	0	0	1	0	0	0	0	0	1	1	1	7	9	6	0	16.000369	16.080365	0

1	red_div6/5	3988	270	3793	334	3456	2738	2702	1801	334	2703	1802	5152	3	0	0	0	0	0	1	0	0	0	0	0	2	3	2	6	15	11	0	28.460643	44.939883	0

2	red_div9/1	94	3	96	0	96	96	96	92	0	97	93	97	0	0	0	0	0	0	1	0	0	0	0	0	1	0	0	6	5	6	0	0.520053	0.540060	0

1	blue_div3/5	4643	912	3504	49	3454	3683	3653	2623	49	3654	2624	5331	1	0	4	0	0	0	1	0	0	0	0	0	2	3	2	9	10	10	0	41.040283	58.479809	0

2	red_div4/2	2083	13	1867	59	1806	1822	1818	1797	59	1819	1798	2098	2	0	0	0	0	0	1	0	0	0	0	0	1	2	1	5	6	6	0	16.720002	16.939998	0

1	blue_div5/16	4088	380	3881	429	3452	3108	2888	1790	429	2889	1791	5920	0	0	0	0	0	0	1	0	0	0	0	0	2	4	2	7	16	11	0	40.739879	79.518303	0

2	red_div7/2	2077	7	1807	5	1801	1814	1814	1797	5	1815	1798	2093	1	0	0	0	0	0	1	0	0	0	0	0	1	2	1	6	7	7	0	16.640198	16.800192	0

1	red_div5/16	4070	362	3875	423	3452	3100	2907	1790	423	2908	1791	5916	0	0	0	0	0	0	1	0	0	0	0	0	2	4	2	7	16	11	0	27.580628	54.299865	0

2	blue_div7/2	3829	113	3445	0	3444	2425	2419	1793	0	2420	1794	4455	1	0	0	0	0	0	1	0	0	0	0	0	1	3	1	6	10	10	0	39.939961	53.399178	0

1	red_div8/16	2125	65	1795	0	1795	1880	1874	1790	0	1875	1791	2130	0	0	0	0	0	0	1	0	0	0	0	0	1	1	1	6	6	5	0	16.160861	16.380952	0

2	red_div10/2	91	0	89	0	89	89	89	89	0	90	90	91	0	0	0	0	0	0	1	0	0	0	0	0	1	0	0	4	4	5	0	0.420075	0.420075	0

1	blue_div5/10	4064	355	3438	0	3438	2769	2743	1792	0	2744	1793	4889	0	0	1	0	0	0	1	0	0	0	0	0	2	3	2	6	9	8	0	40.640414	57.799857	0

2	red_corps13	853	0	2828	216	2612	1902	1858	1290	216	1859	1291	949	0	0	0	0	0	0	1	0	0	0	0	0	1	3	0	7	22	22	0	10.480393	12.540575	0

1	red_div5/10	2520	514	2355	547	1808	1837	1747	974	547	1748	975	3174	0	0	0	0	0	0	1	0	0	0	0	0	1	1	1	5	12	9	0	14.260773	26.320771	0

2	blue_corps13	841	0	2317	391	1926	1600	1547	1099	391	1548	1100	954	0	0	0	0	0	0	1	0	0	0	0	0	1	3	0	6	13	16	0	6.560542	8.420684	0

1	red_div5/13	1195	12	982	0	982	1020	1016	978	0	1017	979	1206	0	0	0	0	0	0	1	0	0	0	0	0	1	0	0	5	8	5	0	8.600661	8.700690	0

2	blue_div6/13	3879	173	3445	2	3443	2507	2496	1794	2	2497	1795	4535	0	0	0	0	0	0	1	0	0	0	0	0	1	3	1	6	9	7	0	40.640696	56.239363	0

1	blue_div5/13	3987	280	3476	32	3443	2748	2734	1794	32	2735	1795	4830	1	0	1	0	0	0	1	0	0	0	0	0	2	3	2	7	10	10	0	43.520008	62.858796	0

2	red_div6/13	1197	14	982	0	982	1003	1003	978	0	1004	979	1197	0	0	0	0	0	0	1	0	0	0	0	0	1	0	0	4	8	5	0	10.400502	10.480520	0

1	blue_div4/6	5292	737	4384	103	4277	4330	4303	2626	103	4304	2627	6543	4	0	4	0	0	0	1	0	0	0	0	0	2	4	3	9	13	13	0	51.099906	77.778521	0

2	red_div9/13	2112	50	1797	0	1797	1849	1848	1794	0	1849	1795	2112	0	0	0	0	0	0	1	0	0	0	0	0	1	1	0	5	5	6	0	16.741165	16.981189	0

1	red_div4/6	5292	737	4385	105	4277	4331	4305	2626	105	4306	2627	6547	3	0	5	0	0	0	1	0	0	0	0	0	2	4	3	8	13	12	0	35.000960	53.780365	0

2	blue_div5/6	3981	262	3938	480	3456	2811	2583	1798	480	2584	1799	5658	2	0	1	0	0	0	1	0	0	0	0	0	1	3	1	6	16	12	0	40.880038	76.638961	0

1	blue_div7/6	3954	239	3444	0	3442	2660	2629	1794	0	2630	1795	4790	2	0	1	0	0	0	1	0	0	0	0	0	2	3	2	5	9	9	0	40.320711	57.360137	0

2	red_div5/6	3972	253	3936	478	3456	2843	2602	1798	478	2603	1799	5674	2	0	1	0	0	0	1	0	0	0	0	0	1	3	1	6	16	11	0	29.680728	54.200309	0

1	red_div4/18	2071	12	1805	0	1805	1847	1842	1798	0	1843	1799	2093	0	0	0	0	0	0	1	0	0	0	0	0	1	1	1	6	5	5	0	16.960761	17.140786	0

2	red_div8/6	2104	34	1848	48	1799	1869	1861	1798	48	1862	1799	2157	1	0	2	0	0	0	1	0	0	0	0	0	1	2	1	5	6	6	0	16.579966	17.119988	0

1	blue_div7/18	2065	6	1790	0	1790	1829	1821	1790	0	1822	1791	2094	0	0	0	0	0	0	1	0	0	0	0	0	2	2	1	7	7	7	0	21.759312	22.279279	0

2	red_div4/14	3724	18	3533	84	3448	1896	1888	1798	84	1889	1799	3820	1	0	0	0	0	0	1	0	0	0	0	0	2	4	2	7	12	10	0	27.760142	29.040100	0

1	red_div7/18	2068	9	1790	0	1790	1839	1834	1790	0	1835	1791	2099	0	0	0	0	0	0	1	0	0	0	0	0	2	2	1	7	7	7	0	16.479805	16.859801	0

2	blue_div4/14	4639	94	4270	3	4266	2785	2781	2615	3	2782	2616	4741	1	0	0	0	0	0	1	0	0	0	0	0	2	4	2	9	14	12	0	49.900307	52.420208	0

1	red_div10/18	104	2	108	1	94	110	97	90	1	98	91	133	13	0	13	0	0	0	1	0	0	0	0	0	1	0	0	4	4	4	0	0.420097	0.500132	0

2	red_div7/14	2103	41	1797	0	1797	1847	1846	1794	0	1847	1795	2105	0	0	0	0	0	0	1	0	0	0	0	0	1	1	0	6	5	5	0	16.720822	16.820882	0

1	blue_div5/4	5865	495	5571	461	5106	3756	3346	1795	461	3347	1796	9222	4	0	5	0	0	0	1	0	0	0	0	0	2	5	3	7	20	16	0	60.819784	128.517376	0

2	blue_div7/14	3866	160	3445	2	3443	2529	2514	1793	2	2515	1794	4536	0	0	0	0	0	0	1	0	0	0	0	0	1	3	1	6	13	9	0	39.340782	54.739915	0

1	red_div5/4	4165	441	3978	511	3463	3168	2953	1798	511	2954	1799	6049	4	0	5	0	0	0	1	0	0	0	0	0	2	4	2	7	18	12	0	28.620391	55.339759	0

2	blue_corps4	993	0	2927	551	2374	1501	1470	1133	551	1471	1134	993	2	0	0	0	0	0	1	0	0	0	0	0	1	4	0	6	17	16	0	10.360336	12.100393	0

1	blue_div4/9	2966	62	2696	74	2622	2881	2866	2619	74	2867	2620	3175	0	0	1	0	0	0	1	0	0	0	0	0	3	3	2	8	9	8	0	32.379519	35.719395	0

2	red_corps4	1005	0	3794	587	3205	1385	1357	1115	587	1358	1116	1005	2	0	0	0	0	0	1	0	0	0	0	0	1	6	0	6	25	22	0	10.280163	11.420193	0

1	red_div4/9	3982	269	3472	25	3447	2818	2809	1799	25	2810	1800	4968	0	0	0	0	0	0	1	0	0	0	0	0	2	3	2	7	10	11	0	28.500580	42.679837	0

2	red_div3/4	5061	509	4333	48	4284	3855	3841	2623	48	3842	2624	5949	1	0	0	0	0	0	1	0	0	0	0	0	2	4	2	8	13	11	0	36.580878	50.880604	0

1	blue_div7/9	4107	391	3536	93	3443	3003	2969	1791	93	2970	1792	5173	0	0	8	0	0	0	1	0	0	0	0	0	2	3	2	7	10	10	0	40.460289	63.378885	0

2	blue_div3/4	6204	830	5163	58	5104	3916	3890	2623	58	3891	2624	7387	1	0	0	0	0	0	1	0	0	0	0	0	2	5	2	8	14	12	0	63.359945	95.018881	0

1	red_div7/9	2103	38	1810	8	1802	1868	1861	1798	8	1862	1799	2160	0	0	1	0	0	0	1	0	0	0	0	0	2	1	1	5	6	6	0	15.400637	15.780695	0

2	red_div6/4	3835	115	3856	392	3463	2403	2358	1798	392	2359	1799	4911	1	0	1	0	0	0	1	0	0	0	0	0	1	3	1	7	16	12	0	29.980355	44.619549	0

1	red_div4/12	5435	889	4307	40	4266	4508	4474	2619	40	4475	2620	6751	1	0	1	0	0	0	1	0	0	0	0	0	3	4	3	8	11	12	0	36.221116	57.260541	0

2	blue_div6/4	2080	11	1796	0	1796	1803	1802	1791	0	1803	1792	2080	0	0	0	0	0	0	1	0	0	0	0	0	1	1	0	5	5	5	0	22.040312	22.140302	0

1	blue_div4/12	2995	93	2803	177	2625	2954	2923	2622	177	2924	2623	3262	1	0	1	0	0	0	1	0	0	0	0	0	3	3	2	8	9	8	0	33.099283	37.998966	0

2	blue_div5/9	5520	168	5085	0	5084	2576	2541	1788	0	2542	1789	6952	1	0	0	0	0	0	1	0	0	0	0	0	1	5	2	5	14	12	0	56.180314	85.258894	0

1	red_div7/12	2085	22	1802	0	1802	1839	1834	1798	0	1835	1799	2112	0	0	0	0	0	0	1	0	0	0	0	0	2	1	1	5	6	6	0	15.661035	15.761092	0

2	red_div5/9	2129	123	1811	7	1803	1351	1344	972	7	1345	973	2505	1	0	0	0	0	0	1	0	0	0	0	0	1	1	0	4	13	9	0	14.200565	19.920139	0

1	blue_div7/12	3996	287	3440	0	3438	2764	2744	1792	0	2745	1793	4876	2	0	2	0	0	0	1	0	0	0	0	0	2	3	2	7	10	10	0	40.420460	59.759183	0

2	red_div5/12	3805	94	3461	12	3449	2254	2236	1796	12	2237	1797	4595	0	0	0	0	0	0	1	0	0	0	0	0	1	3	1	5	17	12	0	28.680680	39.480270	0

1	red_div4/3	2138	69	1806	0	1806	1917	1888	1803	0	1889	1804	2200	0	0	0	0	0	0	1	0	0	0	0	0	1	1	1	6	6	6	0	16.860686	17.160811	0

2	blue_div5/12	3072	185	3137	509	2628	2503	2286	1796	509	2287	1797	4046	0	0	0	0	0	0	1	0	0	0	0	0	1	3	1	5	13	9	0	31.140127	54.699298	0

1	blue_div7/3	3999	282	3446	0	3444	2832	2812	1792	0	2813	1793	5022	2	0	2	0	0	0	1	0	0	0	0	0	2	3	2	7	10	10	0	41.340224	62.019045	0

2	red_div5/15	1185	2	977	0	977	996	993	974	0	994	975	1186	0	0	0	0	0	0	1	0	0	0	0	0	1	1	0	5	8	6	0	8.460199	8.520214	0

1	red_div4/15	2093	29	1831	32	1797	1893	1885	1797	32	1886	1798	2162	2	0	2	0	0	0	1	0	0	0	0	0	2	2	1	7	7	6	0	15.819962	16.659929	0

2	blue_div5/15	5523	173	5134	45	5089	2619	2572	1796	45	2573	1797	6962	0	0	0	0	0	0	1	0	0	0	0	0	1	5	2	7	17	14	0	58.600164	89.618611	0

1	blue_div4/15	2949	47	2617	0	2615	2744	2736	2615	0	2737	2616	3028	2	0	2	0	0	0	1	0	0	0	0	0	3	3	2	8	8	8	0	32.659407	33.779418	0
Node 2: Cache Probes 296297, Cache Hits 295900, Cache Misses 397 Hit Ratio 99.87 percent

1	red_div7/15	3911	205	3458	10	3448	2605	2569	1798	10	2570	1799	4663	0	0	0	0	0	0	1	0	0	0	0	0	2	3	2	6	10	9	0	28.061412	39.761111	0
Migration Count Node 2: Migrations In 0, Migrations Out 0, Routing Faults 0, States Out 0, States In 0, States Not Sent 0
Node 1: Cache Probes 297194, Cache Hits 296802, Cache Misses 392 Hit Ratio 99.87 percent
Page Fault Node	2:	23136
Migration Count Node 1: Migrations In 0, Migrations Out 0, Routing Faults 0, States Out 0, States In 0, States Not Sent 0
TW node	2	Sun Named	amethyst
Page Fault Node	1:	15842
Node 2: max msg buffs allocated to free pool = 953
TW node	1	Sun Named	ice9
Node 2: num msg buffs released from free pool = 18374
Node 1: max msg buffs allocated to free pool = 929
Node 2: Max Local Time 2147483647 for Object red_corps4
Node 1: num msg buffs released from free pool = 17357
Node 2: No home ask needed for pending entry 70 times
Node 1: Max Local Time 2147483647 for Object red_div8/4
Node 2: Homeasks sent 97 Homeasks received 113
Node 1: No home ask needed for pending entry 70 times
Node 2: Homeans sent 113 Homeans received 97
Node 1: Homeasks sent 141 Homeasks received 40
Node 1: Homeans sent 40 Homeans received 141



@(#)brkpt.c 1.7	9/26/89	15:40:41	TIMEWARP
@(#)buglib2.c     1.67	10/23/89	11:02:54	TIMEWARP
@(#)cmp.c     1.18	6/2/89	12:43:16	TIMEWARP
@(#)comdtab.c     1.53	10/2/89	14:12:10	TIMEWARP
@(#)command.c     1.52	9/26/89	15:38:16	TIMEWARP
@(#)commit.c       1.20	9/26/89	16:48:05	TIMEWARP
@(#)cubeio.c       1.47	10/2/89	14:15:56	TIMEWARP
@(#)deliver.c     $Revision: 1.7 $	$Date: 91/11/01 09:19:43 $	TIMEWARP
@(#)fileio.c       $Revision: 1.9 $	$Date: 91/11/01 09:22:53 $	TIMEWARP
@(#)format.c       1.21	9/27/89	14:03:48	TIMEWARP
@(#)getime.c       1.16	6/2/89	12:43:47	TIMEWARP
@(#)gvt2.c    1.9	10/23/89	08:53:45	TIMEWARP
@(#)hostifc.c     1.47	9/12/89	17:08:43	TIMEWARP
@(#)int.c     $Revision: 1.5 $	$Date: 91/12/27 09:05:55 $	TIMEWARP
@(#)idlist.c       $Revision: 1.4 $	$Date: 91/08/07 16:36:14 $	TIMEWARP
@(#)list.c   $Revision: 1.7 $	$Date: 91/12/27 08:42:32 $	TIMEWARP
@(#)loadman.c     1.1	10/2/89	17:00:55	TIMEWARP
@(#)machdep.c     1.58	10/2/89	14:45:42	TIMEWARP
@(#)machifc.c     $Revision: 1.8 $	$Date: 91/11/01 09:41:12 $	TIMEWARP
@(#)make.c   $Revision	$Date	TIMEWARP
@(#)mem.c     $Revision: 1.7 $	$Date: 91/12/27 09:08:13 $	TIMEWARP
@(#)migr.c 1.31	10/6/89	14:25:23	TIMEWARP
@(#)mkmsg.c 1.9	6/2/89	12:44:35	TIMEWARP
@(#)moninit.c     1.23	6/2/89	12:44:37	TIMEWARP
@(#)monitor.c     1.12	6/2/89	12:44:41	TIMEWARP
@(#)mproc.c 1.55	9/28/89	15:05:09	TIMEWARP
@(#)msgcntl.c     1.48	10/2/89	15:02:31	TIMEWARP
@(#)nq.c       1.67	10/2/89	15:05:42	TIMEWARP
@(#)objend.c       1.42	9/26/89	16:44:32	TIMEWARP
@(#)objhead.c     $Revision: 1.10 $	$Date: 91/12/27 08:47:35 $	TIMEWARP
@(#)objifc.c       $Revision: 1.12 $	$Date: 91/12/27 09:10:27 $	TIMEWARP
@(#)rollback.c   1.58	10/6/89	14:23:00	TIMEWARP
@(#)save.c   $Revision: 1.4 $	$Date: 91/11/01 10:06:24 $	TIMEWARP
@(#)sched.c $Revision: 1.11 $	$Date: 92/02/25 10:35:53 $	TIMEWARP
@(#)sendback.c   $Revision: 1.10 $	$Date: 91/11/06 11:12:34 $	TIMEWARP
@(#)serve.c 1.65	9/26/89	16:40:59	TIMEWARP
@(#)services.c   $Revision: 1.5 $	$Date: 91/11/01 12:36:56 $	TIMEWARP
@(#)start.c $Revision: 1.6 $	$Date: 91/11/01 12:38:51 $	TIMEWARP
@(#)state.c $Revision: 1.15 $	$Date: 91/12/27 09:57:34 $	TIMEWARP
@(#)stats.c 1.29	8/8/89	13:21:20	TIMEWARP
@(#)storage.c     1.49	10/2/89	16:23:20	TIMEWARP
@(#)tester.c       $Revision: 1.13 $	$Date: 91/12/27 09:18:24 $	TIMEWARP
@(#)timewarp.c   $Revision: 1.23 $	$Date: 92/02/25 10:49:44 $	TIMEWARP
@(#)tlib.c   1.4	6/2/89	12:46:24	TIMEWARP
@(#)toupper.c     1.5	6/2/89	12:46:26	TIMEWARP
@(#)tstrinit.c   1.44	10/2/89	16:28:12	TIMEWARP
@(#)turboq2.c     1.25	6/2/89	12:46:32	TIMEWARP
@(#)objloc.c       1.30	10/2/89	15:42:10	TIMEWARP
@(#)vtime.c 1.5	9/27/89	15:54:23	TIMEWARP
