Version 2.7.1

Config File ../CONFIG/pucks.cfg.3

Elapsed time for this run was 11960.58 seconds


Node	Obj	E+FT	E-FT	E+FR	E-FR	E+FC	e starts	e cmps	e com	e zap	# ssave	# scom	E Sent	E+RT	E-RT	E+RR	E-RR	cr strts	ds strts	cm cr	cm ds	migr	stmigr	imigr	omigr	sqlen	iqlen	oqlen	sqmax,	iqmax,	oqmax	stforw	ctime	cpu	segmax

0	puck0127	119	0	1198	43	1026	1000	978	903	43	979	904	125	129	0	20	0	0	0	1	0	0	0	0	0	1	3	0	8	23	4	0	3.081517	3.321590	0

0	stdout	0	0	0	0	0	0	0	0	0	0	0	0	0	0	0	0	0	0	0	0	0	0	0	0	0	0	0	0	0	0	0	0.000000	0.000000	0

0	puck0004	74	0	661	25	562	539	528	484	25	529	485	75	74	0	10	0	0	0	1	0	0	0	0	0	1	1	0	6	14	4	0	1.680303	1.800348	0

0	cushion_2_04	116	3	429	20	314	316	316	291	20	317	292	127	95	0	1	0	0	0	1	0	0	0	0	0	1	0	0	3	4	4	0	1.140234	1.200266	0

0	cushion_2_01	96	3	395	16	279	296	293	269	16	294	270	104	100	0	0	0	0	0	1	0	0	0	0	0	1	0	0	3	3	2	0	0.960204	1.041213	0

0	cushion_0_04	91	1	401	12	276	285	284	264	12	285	265	93	113	0	2	0	0	0	1	0	0	0	0	0	1	0	0	3	4	2	0	0.740213	0.840211	0

0	cushion_1_05	76	1	414	7	327	328	326	311	7	327	312	82	80	0	1	0	0	0	1	0	0	0	0	0	1	0	0	3	3	3	0	0.780254	0.840268	0

0	cushion_0_07	115	7	419	18	300	307	305	278	18	306	279	124	101	0	4	0	0	0	1	0	0	0	0	0	1	0	0	4	6	4	0	1.080240	1.260256	0

0	sector_03_00	2536	25	2019	49	1522	1583	1560	1392	49	1561	1393	2874	448	0	42	0	0	0	1	0	0	0	0	0	1	2	0	7	15	28	0	13.582336	15.242537	0

0	puck0043	162	2	1407	69	1114	1111	1055	965	69	1056	966	185	224	0	57	0	0	0	1	0	0	0	0	0	1	3	0	7	16	4	0	3.519569	3.899713	0

0	cushion_2_07	131	2	431	14	320	319	316	298	14	317	299	137	97	0	3	0	0	0	1	0	0	0	0	0	1	0	0	4	5	4	0	1.340222	1.400243	0

0	puck0052	144	0	1336	67	1082	1117	1066	976	67	1067	977	146	187	0	56	0	0	0	1	0	0	0	0	0	1	3	0	6	14	5	0	4.301553	4.701652	0

0	sector_03_09	3361	60	2849	107	2196	2213	2175	1940	107	2176	1941	3721	546	0	53	0	0	0	1	0	0	0	0	0	1	3	0	7	25	37	0	22.398588	24.777902	0

0	puck0001	172	3	1611	95	1315	1288	1250	1148	95	1251	1149	186	201	0	37	0	0	0	1	0	0	0	0	0	1	3	0	8	40	6	0	6.639656	6.780785	0

0	puck0064	117	5	1350	70	1118	1134	1115	973	70	1116	974	122	162	0	10	0	0	0	1	0	0	0	0	0	1	3	0	6	21	3	0	3.900633	4.560730	0

0	puck0010	126	3	1315	58	1084	1086	1059	958	58	1060	959	129	173	0	24	0	0	0	1	0	0	0	0	0	1	2	0	7	15	4	0	4.159516	4.520587	0

0	puck0103	134	0	1104	32	937	936	899	838	32	900	839	139	135	0	34	0	0	0	1	0	0	0	0	0	1	2	0	6	13	6	0	4.501436	4.701522	0

0	sector_05_10	3419	78	2827	98	2174	2282	2235	1956	98	2236	1957	3985	555	0	119	0	0	0	1	0	0	0	0	0	1	3	1	7	23	44	0	19.438775	22.799083	0

0	sector_02_04	3637	128	2833	106	2138	2198	2130	1898	106	2131	1899	4231	589	0	154	0	0	0	1	0	0	0	0	0	1	3	1	7	19	30	0	19.325696	22.566012	0

0	cushion_3_11	44	1	285	6	271	277	276	261	6	277	262	45	8	0	0	0	0	0	1	0	0	0	0	0	1	0	0	3	2	1	0	0.620186	0.640196	0

0	cushion_1_08	63	2	394	7	313	313	312	297	7	313	298	66	74	0	1	0	0	0	1	0	0	0	0	0	1	0	0	3	3	4	0	1.159174	1.199191	0

0	sector_00_09	2912	27	2123	49	1637	1668	1654	1498	49	1655	1499	3194	437	0	59	0	0	0	1	0	0	0	0	0	1	2	0	6	19	43	0	13.383792	15.202913	0

0	cushion_0_01	129	2	432	13	330	336	333	306	13	334	307	139	89	0	2	0	0	0	1	0	0	0	0	0	1	0	0	3	4	4	0	1.061273	1.101310	0

0	sector_06_09	3289	71	2740	84	2105	2151	2120	1884	84	2121	1885	3654	551	0	99	0	0	0	1	0	0	0	0	0	1	3	1	8	20	32	0	20.225838	22.846053	0

0	puck0049	184	3	1419	79	1147	1161	1104	994	79	1105	995	187	193	0	68	0	0	0	1	0	0	0	0	0	1	3	0	6	22	5	0	3.997536	4.377668	0

0	sector_03_15	2783	85	2089	77	1595	1632	1608	1451	77	1609	1452	3004	417	0	40	0	0	0	1	0	0	0	0	0	1	2	0	6	16	44	0	13.500616	14.880831	0

0	puck0025	151	4	1383	72	1155	1112	1085	1003	72	1086	1004	157	156	0	29	0	0	0	1	0	0	0	0	0	1	3	0	6	36	8	0	5.240579	5.560670	0

0	sector_04_08	3459	82	2910	85	2226	2266	2221	1972	85	2222	1973	3999	599	0	103	0	0	0	1	0	0	0	0	0	1	3	1	7	16	28	0	21.260549	24.960813	0

0	puck0079	174	5	1353	77	1110	1107	1075	966	77	1076	967	177	166	0	41	0	0	0	1	0	0	0	0	0	1	2	0	6	17	4	0	3.260553	3.720667	0

0	sector_06_15	2615	23	2047	61	1570	1565	1555	1421	61	1556	1422	2837	416	0	37	0	0	0	1	0	0	0	0	0	1	2	0	6	16	31	0	13.640440	15.060605	0

0	puck0112	224	2	1504	85	1216	1288	1188	1075	85	1189	1076	227	203	0	103	0	0	0	1	0	0	0	0	0	1	3	0	6	19	6	0	5.900609	6.480791	0

0	sector_07_14	3080	74	2262	68	1658	1680	1663	1503	68	1664	1504	3337	536	0	84	0	0	0	1	0	0	0	0	0	1	2	0	9	15	28	0	14.860587	16.540780	0

0	cushion_3_14	87	4	355	6	334	341	340	319	6	341	320	89	15	0	3	0	0	0	1	0	0	0	0	0	1	0	0	4	4	3	0	0.839246	0.899258	0

0	puck0019	144	0	1169	48	955	952	911	828	48	912	829	169	166	0	42	0	0	0	1	0	0	0	0	0	1	3	0	6	15	6	0	3.002471	3.382580	0

0	puck0067	231	0	1489	70	1279	1342	1257	1113	70	1258	1114	240	140	0	102	0	0	0	1	0	0	0	0	0	1	3	0	8	19	6	0	4.421675	4.901876	0

0	sector_04_11	3479	73	2912	87	2238	2300	2268	1987	87	2269	1988	4001	587	0	63	0	0	0	1	0	0	0	0	0	1	3	1	8	28	69	0	20.644740	23.764964	0

0	puck0109	189	6	1305	80	1074	1080	1028	936	80	1029	937	206	151	0	64	0	0	0	1	0	0	0	0	0	1	2	0	8	21	4	0	3.979570	4.579703	0

0	puck0013	129	0	1417	68	1168	1181	1145	1042	68	1146	1043	133	181	0	51	0	0	0	1	0	0	0	0	0	1	2	0	8	13	3	0	5.080668	5.441798	0

0	sector_00_00	2366	21	1646	31	1134	1185	1162	1035	31	1163	1036	2719	481	0	66	0	0	0	1	0	0	0	0	0	1	1	0	6	15	27	0	9.341446	11.021545	0

0	puck0022	104	0	1363	47	1149	1106	1101	1016	47	1102	1017	108	167	0	7	0	0	0	1	0	0	0	0	0	1	3	0	6	19	3	0	3.261631	3.441705	0

0	puck0091	139	3	1252	73	1045	1028	1011	924	73	1012	925	150	134	0	23	0	0	0	1	0	0	0	0	0	1	2	0	7	13	4	0	3.240620	3.520710	0

0	sector_02_10	3250	48	2586	85	2021	2050	2020	1803	85	2021	1804	3625	480	0	82	0	0	0	1	0	0	0	0	0	1	3	1	8	24	32	0	20.002344	21.942657	0

0	puck0046	148	5	1584	80	1287	1292	1269	1137	80	1270	1138	154	217	0	22	0	0	0	1	0	0	0	0	0	1	3	0	7	16	6	0	4.540663	4.900781	0

0	puck0040	136	2	1204	51	1016	1018	995	909	51	996	910	141	137	0	29	0	0	0	1	0	0	0	0	0	1	3	0	7	17	5	0	4.460538	4.780614	0

0	cushion_3_08	70	3	356	5	340	341	340	319	5	341	320	70	11	0	3	0	0	0	1	0	0	0	0	0	1	0	0	4	4	3	0	1.160154	1.240171	0

0	sector_01_05	3505	41	2696	84	2090	2168	2129	1873	84	2130	1874	3944	522	0	102	0	0	0	1	0	0	0	0	0	1	3	1	7	29	44	0	21.982746	25.142033	0

0	sector_00_06	2832	34	2066	43	1597	1620	1603	1464	43	1604	1465	3033	426	0	49	0	0	0	1	0	0	0	0	0	1	2	0	6	20	32	0	14.120550	15.340707	0

0	puck0058	148	0	1309	51	1080	1076	1028	951	51	1029	952	155	178	0	49	0	0	0	1	0	0	0	0	0	1	4	0	8	20	4	0	3.840504	4.840590	0

0	sector_06_00	2839	57	2103	57	1583	1613	1593	1416	57	1594	1417	3111	463	0	68	0	0	0	1	0	0	0	0	0	1	2	0	5	21	34	0	14.918559	16.758744	0

0	puck0037	165	5	1507	83	1231	1204	1179	1060	83	1180	1061	169	193	0	23	0	0	0	1	0	0	0	0	0	1	3	0	6	18	6	0	4.062574	4.402682	0

0	sector_00_15	2257	51	1525	51	1079	1120	1093	989	51	1094	990	2458	395	0	39	0	0	0	1	0	0	0	0	0	1	1	0	6	12	22	0	8.379434	9.578568	0

0	sector_01_14	3215	81	2555	72	1978	2075	2036	1790	72	2037	1791	3680	505	0	95	0	0	0	1	0	0	0	0	0	1	3	1	7	20	27	0	18.680467	21.662771	0

0	cushion_1_14	54	6	373	14	294	293	292	278	14	293	279	56	65	0	0	0	0	0	1	0	0	0	0	0	1	0	0	3	3	2	0	0.820184	0.860197	0

0	puck0073	162	4	1573	75	1319	1243	1234	1143	75	1235	1144	170	179	0	13	0	0	0	1	0	0	0	0	0	1	3	0	9	25	7	0	4.639646	4.899719	0

0	sector_05_01	3291	92	2643	64	2059	2056	2034	1855	64	2035	1856	3525	520	0	49	0	0	0	1	0	0	0	0	0	1	3	0	7	17	28	0	19.803623	22.003769	0

0	cushion_3_05	65	0	326	3	309	312	312	297	3	313	298	69	14	0	2	0	0	0	1	0	0	0	0	0	1	0	0	3	4	4	0	0.779212	0.839216	0

0	puck0070	259	2	1443	63	1155	1222	1179	1006	63	1180	1007	273	225	0	120	0	0	0	1	0	0	0	0	0	1	3	0	7	21	6	0	5.800696	6.779926	0

0	sector_04_02	3419	36	2670	52	2061	2115	2066	1859	52	2067	1860	4010	557	0	118	0	0	0	1	0	0	0	0	0	1	4	1	6	24	31	0	19.382692	22.562855	0

0	sector_05_04	3567	67	2754	70	2090	2154	2114	1886	70	2115	1887	4008	594	0	62	0	0	0	1	0	0	0	0	0	1	3	1	7	26	35	0	20.803825	23.444085	0

0	sector_04_05	3463	85	2883	96	2091	2219	2144	1886	96	2145	1887	4087	696	0	134	0	0	0	1	0	0	0	0	0	1	3	1	7	16	31	0	20.801645	24.962034	0

0	puck0034	334	3	1495	76	1242	1421	1211	1110	76	1212	1111	476	177	0	212	0	0	0	1	0	0	0	0	0	1	2	0	8	13	8	0	6.278720	6.899108	0

0	sector_06_12	3308	43	2609	66	2061	2101	2064	1870	66	2065	1871	3622	482	0	77	0	0	0	1	0	0	0	0	0	1	3	0	8	23	36	0	21.302765	23.182962	0

0	puck0031	124	1	1229	64	1025	992	974	907	64	975	908	126	140	0	15	0	0	0	1	0	0	0	0	0	1	2	0	6	17	6	0	2.639565	2.819623	0

0	puck0028	174	1	1490	75	1223	1221	1189	1058	75	1190	1059	178	192	0	50	0	0	0	1	0	0	0	0	0	1	3	0	7	16	5	0	4.740595	6.100730	0

0	sector_02_13	3102	41	2782	48	2042	2078	2040	1841	48	2041	1842	3401	692	0	59	0	0	0	1	0	0	0	0	0	1	3	0	8	20	39	0	18.802688	21.123888	0

0	cushion_3_02	59	1	315	2	304	300	299	285	2	300	286	62	9	0	1	0	0	0	1	0	0	0	0	0	1	0	0	4	3	2	0	1.160124	1.160143	0

0	sector_03_12	3604	30	2756	51	2169	2277	2179	1946	51	2180	1947	4264	536	0	173	0	0	0	1	0	0	0	0	0	1	3	1	9	19	22	0	20.521820	23.842256	0

0	puck0124	201	2	1449	69	1226	1229	1154	1048	69	1155	1049	206	154	0	68	0	0	0	1	0	0	0	0	0	1	3	0	8	15	4	0	4.058606	4.278761	0

0	puck0082	171	2	1516	101	1251	1289	1245	1099	101	1246	1100	190	164	0	45	0	0	0	1	0	0	0	0	0	1	3	0	9	21	4	0	4.859543	5.300692	0

0	puck0007	189	3	1671	83	1354	1310	1289	1173	83	1290	1174	191	234	0	45	0	0	0	1	0	0	0	0	0	1	3	0	6	18	4	0	4.799794	5.339901	0

0	puck0118	143	1	1401	60	1177	1178	1158	1058	60	1159	1059	147	164	0	12	0	0	0	1	0	0	0	0	0	1	2	0	9	15	5	0	4.460643	4.760698	0

0	sector_00_12	2763	60	2016	66	1555	1572	1544	1421	66	1545	1422	3036	395	0	59	0	0	0	1	0	0	0	0	0	1	2	0	6	14	28	0	13.678633	15.318866	0

0	cushion_1_11	59	4	408	17	318	322	318	301	17	319	302	65	73	0	0	0	0	0	1	0	0	0	0	0	1	0	0	3	3	2	0	0.960185	1.080195	0

0	puck0106	317	4	1379	54	1165	1317	1161	1014	54	1162	1015	353	160	0	196	0	0	0	1	0	0	0	0	0	1	3	0	6	14	7	0	4.438612	5.118918	0

0	sector_07_11	2461	56	1829	48	1434	1460	1452	1329	48	1453	1330	2654	347	0	41	0	0	0	1	0	0	0	0	0	1	2	0	6	15	26	0	12.740327	14.019445	0

0	puck0061	152	0	1468	70	1185	1166	1131	1042	70	1132	1043	157	213	0	38	0	0	0	1	0	0	0	0	0	1	3	0	7	18	4	0	4.018700	4.358806	0

0	sector_04_14	3935	128	2954	119	2269	2357	2316	2025	119	2317	2026	4430	566	0	130	0	0	0	1	0	0	0	0	0	1	4	1	7	22	37	0	21.762897	25.205212	0

0	sector_05_13	3994	103	2925	104	2285	2339	2284	2035	104	2285	2036	4404	536	0	122	0	0	0	1	0	0	0	0	0	1	5	1	9	25	43	0	22.580925	25.861194	0

0	puck0016	300	2	1328	45	1105	1248	1116	987	45	1117	988	389	178	0	184	0	0	0	1	0	0	0	0	0	1	2	0	6	16	2	0	5.600565	6.680868	0

0	sector_01_08	3304	46	2628	75	2069	2076	2054	1847	75	2055	1848	3678	484	0	76	0	0	0	1	0	0	0	0	0	1	3	1	7	20	41	0	20.102668	22.761887	0

0	sector_07_05	2818	42	2061	58	1614	1707	1680	1471	58	1681	1472	3230	389	0	94	0	0	0	1	0	0	0	0	0	1	2	0	6	18	39	0	14.260467	16.501690	0

0	sector_07_08	3167	62	2227	54	1688	1747	1724	1539	54	1725	1540	3471	485	0	74	0	0	0	1	0	0	0	0	0	1	2	0	6	18	37	0	15.942783	17.921034	0

0	puck0121	168	1	1559	77	1296	1273	1238	1140	77	1239	1141	187	186	0	29	0	0	0	1	0	0	0	0	0	1	3	0	6	15	5	0	4.682665	5.061782	0

0	puck0094	226	2	1373	65	1144	1219	1148	1011	65	1149	1012	252	164	0	121	0	0	0	1	0	0	0	0	0	1	3	0	7	21	4	0	3.201651	4.361875	0

0	puck0076	270	7	1421	82	1169	1266	1210	1001	82	1211	1002	280	170	0	133	0	0	0	1	0	0	0	0	0	1	3	0	7	22	6	0	3.760594	4.640864	0

0	puck0115	168	7	1593	98	1287	1268	1237	1127	98	1238	1128	173	208	0	27	0	0	0	1	0	0	0	0	0	1	3	0	7	24	6	0	5.161698	6.241808	0

0	sector_06_06	3558	50	2806	80	2152	2191	2161	1931	80	2162	1932	3878	574	0	75	0	0	0	1	0	0	0	0	0	1	3	1	6	25	37	0	20.120920	22.522100	0

0	puck0055	151	0	1328	61	1090	1098	1083	973	61	1084	974	188	177	0	49	0	0	0	1	0	0	0	0	0	1	3	0	7	13	3	0	3.661598	5.201742	0

0	sector_00_03	2519	23	1905	46	1439	1488	1460	1323	46	1461	1324	2829	420	0	67	0	0	0	1	0	0	0	0	0	1	2	0	6	14	30	0	11.701488	13.301628	0

0	puck0085	115	2	1187	50	963	934	918	840	50	919	841	133	174	0	14	0	0	0	1	0	0	0	0	0	1	3	0	6	18	6	0	3.439474	3.739549	0

0	cushion_1_02	41	0	344	4	263	260	259	252	4	260	253	41	77	0	1	0	0	0	1	0	0	0	0	0	1	0	0	3	3	2	0	0.880178	0.900183	0

0	sector_06_03	3362	41	2733	65	2067	2100	2050	1852	65	2051	1853	4057	601	0	113	0	0	0	1	0	0	0	0	0	1	3	1	6	23	32	0	20.782658	23.642966	0

0	sector_07_02	2749	37	1976	56	1517	1530	1513	1388	56	1514	1389	2984	403	0	54	0	0	0	1	0	0	0	0	0	1	2	0	6	15	27	0	13.661602	15.303772	0

0	puck0100	176	1	1286	57	1091	1134	1067	976	57	1068	977	209	138	0	79	0	0	0	1	0	0	0	0	0	1	2	0	9	14	4	0	3.921575	4.261743	0

0	sector_03_03	3682	62	2773	76	2166	2198	2153	1925	76	2154	1926	4061	531	0	90	0	0	0	1	0	0	0	0	0	1	4	1	7	27	52	0	21.363913	23.763204	0

0	puck0097	199	0	1329	37	1140	1128	1073	989	37	1074	990	204	152	0	78	0	0	0	1	0	0	0	0	0	1	3	0	7	17	5	0	4.419551	4.819680	0

0	sector_02_01	3335	84	2683	79	2111	2168	2136	1879	79	2137	1880	3703	493	0	67	0	0	0	1	0	0	0	0	0	1	3	0	7	19	30	0	19.820852	22.501081	0

0	sector_01_02	3096	58	2536	68	1987	2013	1976	1755	68	1977	1756	3483	481	0	79	0	0	0	1	0	0	0	0	0	1	3	0	7	21	22	0	17.541679	20.020928	0

0	sector_01_11	2947	49	2392	68	1884	1927	1900	1716	68	1901	1717	3186	440	0	70	0	0	0	1	0	0	0	0	0	1	3	0	6	24	34	0	18.082659	19.803876	0

0	sector_05_07	3297	48	2698	71	2116	2177	2151	1917	71	2152	1918	3580	511	0	58	0	0	0	1	0	0	0	0	0	1	3	1	7	16	24	0	26.581830	28.902022	0

0	sector_03_06	3666	59	2801	79	2154	2175	2148	1922	79	2149	1923	4084	568	0	77	0	0	0	1	0	0	0	0	0	1	4	1	7	24	34	0	21.882060	25.320201	0

0	puck0088	150	0	1541	80	1246	1203	1191	1088	80	1192	1089	159	215	0	22	0	0	0	1	0	0	0	0	0	1	3	0	6	17	6	0	3.782644	3.982743	0

0	sector_02_07	3049	71	2593	92	2010	2014	1991	1812	92	1992	1813	3304	491	0	30	0	0	0	1	0	0	0	0	0	1	3	0	8	21	32	0	19.341502	21.582624	0

Config eposfs 321
Node 0: Cache Probes 304364, Cache Hits 304262, Cache Misses 102 Hit Ratio 99.97 percent
Migration Count Node 0: Migrations In 0, Migrations Out 0, Routing Faults 0, States Out 0, States In 0, States Not Sent 0
Page Fault Node	0:	36843
TW node	0	Sun Named	topaz
Node 0: max msg buffs allocated to free pool = 797
Node 0: num msg buffs released from free pool = 1680
Node 0: Max Local Time 2147483647 for Object sector_06_06
Node 0: No home ask needed for pending entry 0 times
Node 0: Homeasks sent 0 Homeasks received 73
Node 0: Homeans sent 73 Homeans received 0

2	sector_02_06	3869	217	2599	105	2036	2801	2680	1828	105	2681	1829	5782	458	0	711	0	0	0	1	0	0	0	0	0	1	3	1	8	18	37	0	18.781187	28.761943	0

1	puck0065	357	19	1378	81	1060	1403	1303	924	81	1304	925	511	237	0	219	0	0	0	1	0	0	0	0	0	1	3	0	9	15	5	0	3.700534	5.401082	0

2	sector_03_05	4222	210	2788	111	2153	2964	2769	1925	111	2770	1926	6487	524	0	773	0	0	0	1	0	0	0	0	0	1	3	1	9	17	45	0	17.201385	28.542169	0

1	sector_04_06	4886	235	2833	91	2211	3448	3215	1978	91	3216	1979	7977	531	0	1237	0	0	0	1	0	0	0	0	0	1	3	1	10	18	28	0	17.081417	32.362486	0

2	sector_07_07	3804	127	2401	74	1727	2453	2322	1568	74	2323	1569	5479	600	0	752	0	0	0	1	0	0	0	0	0	1	2	1	11	26	42	0	12.281482	19.962417	0

1	sector_03_07	4334	218	2633	99	2097	3205	3017	1882	99	3018	1883	7015	437	0	1064	0	0	0	1	0	0	0	0	0	1	3	1	9	24	36	0	16.501188	29.782230	0

2	sector_07_01	2988	133	1971	59	1528	2039	1968	1392	59	1969	1393	4179	384	0	468	0	0	0	1	0	0	0	0	0	1	2	1	8	13	21	0	10.761288	16.561945	0

1	sector_00_01	3591	178	2105	63	1526	2340	2178	1384	63	2179	1385	5702	516	0	888	0	0	0	1	0	0	0	0	0	1	2	1	7	18	37	0	11.241226	20.902100	0

2	sector_01_07	4109	229	2589	99	2036	2767	2614	1813	99	2615	1814	6178	454	0	727	0	0	0	1	0	0	0	0	0	1	3	1	8	18	38	0	16.301497	26.442332	0

1	puck0020	322	8	1297	74	1054	1409	1317	920	74	1318	921	365	169	0	197	0	0	0	1	0	0	0	0	0	1	3	0	7	19	6	0	2.980517	3.821041	0

2	puck0060	250	6	1480	84	1247	1484	1428	1089	84	1429	1090	284	149	0	104	0	0	0	1	0	0	0	0	0	1	3	0	10	17	7	0	4.460690	6.180986	0

1	sector_06_07	4843	281	2837	107	2197	3315	3105	1956	107	3106	1957	7863	533	0	1123	0	0	0	1	0	0	0	0	0	1	3	2	9	19	38	0	18.121146	32.722268	0

2	stdout	0	0	0	0	0	0	0	0	0	0	0	0	0	0	0	0	0	0	0	0	0	0	0	0	0	0	0	0	0	0	0	0.000000	0.000000	0

1	sector_07_03	3234	111	1992	42	1514	2272	2154	1380	42	2155	1381	5177	436	0	744	0	0	0	1	0	0	0	0	0	1	2	1	7	18	29	0	10.241233	18.362009	0

2	cushion_2_00	106	2	315	6	302	304	303	283	6	304	284	114	7	0	0	0	0	0	1	0	0	0	0	0	1	0	0	4	4	3	0	0.720304	0.820316	0

1	puck0089	478	3	1285	46	1090	1567	1450	963	46	1451	964	490	149	0	362	0	0	0	1	0	0	0	0	0	1	2	0	7	18	9	0	2.660605	4.301255	0

2	cushion_3_13	85	7	407	12	311	403	401	293	12	402	294	90	84	0	18	0	0	0	1	0	0	0	0	0	1	0	0	3	3	4	0	0.760175	1.040233	0

1	sector_01_00	3464	153	2411	53	1646	2323	2200	1459	53	2201	1460	5018	712	0	601	0	0	0	1	0	0	0	0	0	1	2	1	7	20	38	0	11.081608	18.122534	0

2	puck0051	258	7	1154	45	968	1211	1096	863	45	1097	864	324	141	0	150	0	0	0	1	0	0	0	0	0	1	2	0	11	21	6	0	3.460547	4.260872	0

1	sector_05_05	4219	244	2560	96	2075	3025	2881	1867	96	2882	1868	6222	389	0	941	0	0	0	1	0	0	0	0	0	1	3	1	9	19	32	0	15.141502	25.902482	0

2	puck0024	217	13	1360	74	1127	1321	1246	972	74	1247	973	242	159	0	92	0	0	0	1	0	0	0	0	0	1	3	0	7	17	6	0	4.680621	5.800875	0

1	sector_02_08	4825	295	2712	135	2125	3359	3127	1881	135	3128	1882	8040	452	0	1123	0	0	0	1	0	0	0	0	0	1	3	1	9	23	46	0	16.581344	32.282372	0

2	puck0096	259	15	1397	75	1192	1379	1332	1031	75	1333	1032	273	130	0	91	0	0	0	1	0	0	0	0	0	1	3	0	10	18	10	0	4.260557	6.340796	0

1	sector_01_09	4091	194	2463	85	1987	3006	2817	1807	85	2818	1808	6451	391	0	962	0	0	0	1	0	0	0	0	0	1	3	1	7	18	29	0	15.361260	26.762301	0

2	cushion_0_06	119	0	334	6	322	323	323	300	6	324	301	128	6	0	0	0	0	0	1	0	0	0	0	0	1	0	0	4	3	4	0	0.880292	0.880324	0

1	sector_01_12	4198	179	2462	71	1941	2944	2728	1756	71	2729	1757	6721	450	0	1042	0	0	0	1	0	0	0	0	0	1	3	1	9	23	34	0	15.041225	27.902090	0

2	cushion_0_03	107	1	308	2	301	303	302	285	2	303	286	116	5	0	2	0	0	0	1	0	0	0	0	0	1	0	0	3	3	4	0	0.920249	0.980265	0

1	puck0056	399	10	1552	65	1250	1671	1574	1079	65	1575	1080	448	237	0	259	0	0	0	1	0	0	0	0	0	1	3	0	7	21	6	0	2.400753	4.481310	0

2	puck0108	224	4	1594	89	1297	1558	1501	1146	89	1502	1147	241	208	0	109	0	0	0	1	0	0	0	0	0	1	3	0	8	16	5	0	3.440703	5.161025	0

1	cushion_0_05	116	8	376	18	298	342	340	282	18	341	283	125	60	0	9	0	0	0	1	0	0	0	0	0	1	0	0	3	3	3	0	0.860200	1.020245	0

2	puck0030	208	3	1393	78	1152	1393	1317	993	78	1318	994	216	163	0	95	0	0	0	1	0	0	0	0	0	1	3	0	6	19	7	0	2.900574	4.420812	0

1	sector_04_00	3086	125	2211	60	1473	2179	2060	1355	60	2061	1356	4660	678	0	736	0	0	0	1	0	0	0	0	0	1	2	1	6	22	36	0	10.461020	18.301568	0

2	puck0081	156	1	1334	69	1131	1265	1241	989	69	1242	990	167	134	0	38	0	0	0	1	0	0	0	0	0	1	3	0	7	17	5	0	4.360605	5.600755	0

1	sector_07_09	3789	167	2153	63	1580	2309	2198	1440	63	2199	1441	5664	510	0	916	0	0	0	1	0	0	0	0	0	1	2	1	9	19	28	0	10.621470	19.642129	0

2	puck0123	283	6	1450	81	1199	1461	1368	1041	81	1369	1042	341	170	0	167	0	0	0	1	0	0	0	0	0	1	3	0	11	23	4	0	3.340612	4.960975	0

1	stdout	0	0	0	0	0	0	0	0	0	0	0	0	0	0	0	0	0	0	0	0	0	0	0	0	0	0	0	0	0	0	0	0.000000	0.000000	0

2	cushion_1_01	69	3	409	14	285	322	321	271	14	322	272	77	110	0	8	0	0	0	1	0	0	0	0	0	1	0	0	4	4	3	0	0.900143	1.060179	0

1	puck0092	324	11	1473	79	1173	1595	1522	1034	79	1523	1035	343	221	0	193	0	0	0	1	0	0	0	0	0	1	3	0	8	14	5	0	2.640610	3.801139	0

2	puck0093	297	13	1367	103	1114	1444	1312	975	103	1313	976	349	150	0	188	0	0	0	1	0	0	0	0	0	1	3	0	8	21	8	0	2.320698	4.961155	0

1	cushion_0_02	152	8	401	8	332	377	374	310	8	375	311	172	61	0	22	0	0	0	1	0	0	0	0	0	1	0	0	4	5	4	0	0.980249	1.160325	0

2	sector_04_10	4979	205	2971	125	2330	3315	3104	2056	125	3105	2057	7965	516	0	982	0	0	0	1	0	0	0	0	0	1	4	2	9	24	45	0	18.081515	32.602311	0

1	cushion_1_15	69	3	313	5	302	308	307	283	5	308	284	81	6	0	0	0	0	0	1	0	0	0	0	0	1	0	0	4	4	5	0	0.600284	0.740311	0

2	puck0087	328	2	1367	49	1169	1508	1381	1040	49	1382	1041	411	149	0	219	0	0	0	1	0	0	0	0	0	1	2	0	7	15	6	0	6.020685	7.781163	0

1	cushion_2_05	144	13	428	21	312	354	349	295	21	350	296	153	95	0	11	0	0	0	1	0	0	0	0	0	1	0	0	4	4	3	0	0.720264	0.900312	0

2	puck0009	206	1	1440	63	1229	1453	1408	1074	63	1409	1075	216	148	0	98	0	0	0	1	0	0	0	0	0	1	3	0	7	15	4	0	6.000652	6.780934	0

1	cushion_1_03	42	0	287	1	277	280	280	263	1	281	264	46	9	0	2	0	0	0	1	0	0	0	0	0	1	0	0	3	3	2	0	0.720167	0.760182	0

2	sector_03_08	4198	216	2754	113	2121	2977	2812	1885	113	2813	1886	6471	520	0	758	0	0	0	1	0	0	0	0	0	1	3	1	11	22	42	0	17.901339	29.182251	0

1	cushion_3_00	85	5	394	7	300	408	398	278	7	399	279	90	87	0	21	0	0	0	1	0	0	0	0	0	1	0	0	6	6	3	0	0.560185	0.860258	0

2	puck0027	338	4	1563	73	1307	1609	1498	1106	73	1499	1107	384	183	0	175	0	0	0	1	0	0	0	0	0	1	3	0	11	17	7	0	6.340588	7.761003	0

1	puck0062	346	13	1392	60	1135	1518	1428	966	60	1429	967	437	197	0	193	0	0	0	1	0	0	0	0	0	1	3	0	8	17	6	0	2.880568	4.201062	0

2	puck0084	280	2	1465	79	1185	1489	1403	1041	79	1404	1042	312	201	0	150	0	0	0	1	0	0	0	0	0	1	3	0	8	18	4	0	4.180641	5.441031	0

1	puck0104	316	6	1389	68	1133	1520	1428	978	68	1429	979	359	188	0	196	0	0	0	1	0	0	0	0	0	1	3	0	7	21	6	0	3.060630	5.341088	0

2	sector_04_01	4292	152	2541	89	2088	2882	2747	1880	89	2748	1881	6653	364	0	794	0	0	0	1	0	0	0	0	0	1	3	1	7	17	29	0	16.561534	27.882258	0

1	puck0068	362	8	1470	74	1195	1609	1473	1057	74	1474	1058	408	201	0	226	0	0	0	1	0	0	0	0	0	1	3	0	9	16	5	0	2.380694	3.521196	0

2	cushion_0_00	112	2	319	3	312	312	311	291	3	312	292	121	4	0	1	0	0	0	1	0	0	0	0	0	1	0	0	4	3	3	0	0.940272	1.000289	0

1	puck0110	360	7	1374	69	1143	1598	1456	1019	69	1457	1020	377	162	0	241	0	0	0	1	0	0	0	0	0	1	3	0	8	16	5	0	2.340661	3.361140	0

2	cushion_1_10	93	3	496	17	352	386	385	326	17	386	327	101	127	0	17	0	0	0	1	0	0	0	0	0	1	0	0	4	3	2	0	0.800206	1.000267	0

1	puck0023	467	1	1447	88	1172	1685	1496	1022	88	1497	1023	542	187	0	321	0	0	0	1	0	0	0	0	0	1	3	0	11	16	5	0	2.460627	3.781286	0

2	sector_05_15	3454	209	2774	98	1595	2327	2183	1440	98	2184	1441	5338	1081	0	672	0	0	0	1	0	0	0	0	0	1	2	1	8	16	36	0	12.521117	21.041952	0

1	cushion_3_09	104	18	439	10	310	441	436	294	10	437	295	108	119	0	22	0	0	0	1	0	0	0	0	0	1	0	0	4	3	2	0	0.660161	1.000248	0

2	cushion_2_06	108	1	308	2	305	305	305	288	2	306	289	117	1	0	2	0	0	0	1	0	0	0	0	0	1	0	0	4	3	4	0	1.380229	1.460248	0

1	puck0107	232	2	1268	83	1027	1334	1274	914	83	1275	915	256	158	0	126	0	0	0	1	0	0	0	0	0	1	3	0	9	19	6	0	2.840571	3.720936	0

2	puck0042	376	14	1616	73	1277	1625	1491	1115	73	1492	1116	395	266	0	227	0	0	0	1	0	0	0	0	0	1	3	0	7	20	8	0	4.620636	6.821100	0

1	cushion_3_15	62	7	428	3	320	416	416	298	3	417	299	65	105	0	9	0	0	0	1	0	0	0	0	0	1	0	0	5	5	2	0	0.520224	0.780287	0

2	puck0117	213	2	1255	62	1037	1232	1182	939	62	1183	940	233	156	0	110	0	0	0	1	0	0	0	0	0	1	4	0	7	18	5	0	2.500578	3.200843	0

1	cushion_1_12	51	0	313	4	302	306	306	288	4	307	289	55	7	0	0	0	0	0	1	0	0	0	0	0	1	0	0	4	3	3	0	0.660236	0.740238	0

2	puck0090	529	12	1390	89	1133	1617	1548	988	89	1549	989	557	168	0	378	0	0	0	1	0	0	0	0	0	1	3	0	9	20	4	0	3.500572	5.281339	0

1	puck0122	435	8	1536	97	1206	1718	1579	1059	97	1580	1060	502	233	0	316	0	0	0	1	0	0	0	0	0	1	3	0	9	14	5	0	2.900649	4.501332	0

2	puck0072	359	10	1343	56	1113	1470	1342	980	56	1343	981	373	174	0	245	0	0	0	1	0	0	0	0	0	1	3	0	8	18	6	0	3.600674	4.901113	0

1	puck0014	543	5	1517	56	1270	1859	1739	1108	56	1740	1109	565	191	0	404	0	0	0	1	0	0	0	0	0	1	3	0	9	15	7	0	2.920656	4.541464	0

2	sector_02_00	3295	114	1905	57	1586	2086	1995	1439	57	1996	1440	4676	262	0	380	0	0	0	1	0	0	0	0	0	1	2	1	9	24	47	0	12.181422	17.982056	0

1	sector_04_09	5406	352	3187	147	2315	3618	3373	2039	147	3374	2040	8649	725	0	1301	0	0	0	1	0	0	0	0	0	1	4	2	8	28	42	0	17.341626	33.862711	0

2	sector_02_15	3091	132	2313	60	1507	2099	2013	1397	60	2014	1398	4370	746	0	538	0	0	0	1	0	0	0	0	0	1	2	1	10	18	39	0	10.741275	18.782100	0

1	puck0071	407	4	1395	64	1116	1664	1497	967	64	1498	968	423	215	0	290	0	0	0	1	0	0	0	0	0	1	3	0	10	17	6	0	2.560551	4.021136	0

2	cushion_2_03	126	1	335	9	322	331	329	304	9	330	305	136	4	0	0	0	0	0	1	0	0	0	0	0	1	0	0	4	5	2	0	0.840291	0.900312	0

1	puck0077	227	2	1147	46	966	1220	1174	843	46	1175	844	241	135	0	126	0	0	0	1	0	0	0	0	0	1	2	0	8	18	6	0	2.140487	3.020794	0

2	sector_05_09	4337	255	2925	130	2149	3041	2880	1934	130	2881	1935	6481	646	0	799	0	0	0	1	0	0	0	0	0	1	3	1	7	20	39	0	17.221511	30.642141	0

1	puck0080	293	3	1464	57	1173	1543	1427	1056	57	1428	1057	330	234	0	196	0	0	0	1	0	0	0	0	0	1	3	0	8	17	5	0	2.560655	3.861080	0

2	sector_02_09	4300	247	2727	100	2117	2865	2717	1878	100	2718	1879	6112	510	0	714	0	0	0	1	0	0	0	0	0	1	4	1	9	27	41	0	16.261503	25.962506	0

1	cushion_1_00	64	1	329	3	312	312	311	291	3	312	292	71	14	0	1	0	0	0	1	0	0	0	0	0	1	0	0	3	3	4	0	0.800245	0.940266	0

2	puck0045	235	10	1480	91	1213	1430	1376	1067	91	1377	1068	252	176	0	107	0	0	0	1	0	0	0	0	0	1	2	0	8	23	4	0	5.560631	6.820951	0

1	sector_01_03	4184	230	2539	98	1951	2889	2718	1743	98	2719	1744	6537	490	0	974	0	0	0	1	0	0	0	0	0	1	3	1	8	22	38	0	15.381313	27.162344	0

2	sector_04_07	4454	148	2701	81	2165	3091	2886	1956	81	2887	1957	6756	455	0	866	0	0	0	1	0	0	0	0	0	1	3	1	9	20	33	0	16.321743	27.382595	0

1	cushion_3_12	78	12	419	4	295	416	414	277	4	415	278	85	120	0	9	0	0	0	1	0	0	0	0	0	1	0	0	4	5	3	0	0.580165	0.880236	0

2	cushion_1_07	58	1	414	8	293	321	320	280	8	321	281	59	113	0	8	0	0	0	1	0	0	0	0	0	1	0	0	4	4	2	0	0.540221	0.540271	0

1	puck0041	377	7	1441	69	1174	1631	1529	1025	69	1530	1026	395	198	0	250	0	0	0	1	0	0	0	0	0	1	3	0	10	17	6	0	2.500613	3.321277	0

2	puck0012	373	3	1328	76	1106	1450	1308	973	76	1309	974	539	146	0	245	0	0	0	1	0	0	0	0	0	1	2	0	7	16	6	0	4.180643	5.561244	0

1	cushion_1_09	54	1	321	2	315	318	316	302	2	317	303	57	4	0	1	0	0	0	1	0	0	0	0	0	1	0	0	4	3	2	0	1.000190	1.020208	0

2	sector_01_13	3796	121	2432	74	1952	2605	2480	1772	74	2481	1773	5542	406	0	659	0	0	0	1	0	0	0	0	0	1	3	1	11	23	52	0	15.381441	26.482110	0

1	puck0038	368	9	1626	87	1308	1750	1637	1160	87	1638	1161	386	231	0	238	0	0	0	1	0	0	0	0	0	1	3	0	7	14	6	0	3.100616	4.361150	0

2	puck0033	189	1	1284	55	1066	1292	1252	939	55	1253	940	197	163	0	94	0	0	0	1	0	0	0	0	0	1	3	0	9	22	3	0	2.540619	3.080936	0

1	sector_02_14	4870	241	2764	109	2105	3254	3042	1898	109	3043	1899	7894	550	0	1205	0	0	0	1	0	0	0	0	0	1	3	2	13	22	46	0	15.681570	29.882733	0

2	cushion_1_13	65	4	414	10	300	337	335	283	10	336	284	66	104	0	12	0	0	0	1	0	0	0	0	0	1	0	0	4	5	2	0	0.640220	0.800264	0

1	sector_01_15	3029	130	1937	49	1472	2166	2036	1348	49	2037	1349	4570	416	0	647	0	0	0	1	0	0	0	0	0	1	1	1	8	13	27	0	10.241135	17.201956	0

2	puck0048	253	3	1156	52	967	1202	1144	844	52	1145	845	271	137	0	153	0	0	0	1	0	0	0	0	0	1	3	0	8	19	3	0	5.900443	7.440774	0

1	cushion_2_02	140	8	389	15	309	348	347	293	15	348	294	152	65	0	10	0	0	0	1	0	0	0	0	0	1	0	0	5	5	8	0	0.760258	0.880313	0

2	cushion_3_04	66	6	375	4	306	367	367	288	4	368	289	68	65	0	12	0	0	0	1	0	0	0	0	0	1	0	0	4	4	2	0	0.740191	0.920238	0

1	puck0002	186	4	1279	58	1046	1309	1271	918	58	1272	919	191	175	0	89	0	0	0	1	0	0	0	0	0	1	2	0	10	20	3	0	3.160582	3.980878	0

2	sector_04_04	3808	175	2622	90	2086	2808	2681	1871	90	2682	1872	5859	446	0	656	0	0	0	1	0	0	0	0	0	1	3	1	8	21	39	0	17.521339	27.762046	0

1	puck0059	329	6	1452	55	1166	1568	1435	1037	55	1436	1038	393	231	0	206	0	0	0	1	0	0	0	0	0	1	3	0	7	16	8	0	2.440544	3.521009	0

2	sector_07_13	3761	213	2379	88	1652	2283	2189	1492	88	2190	1493	5480	639	0	749	0	0	0	1	0	0	0	0	0	1	2	1	8	19	31	0	11.161651	19.182439	0

1	puck0119	311	13	1494	76	1223	1592	1507	1081	76	1508	1082	340	195	0	151	0	0	0	1	0	0	0	0	0	1	3	0	8	17	7	0	2.300845	3.421237	0

2	cushion_3_01	79	7	334	7	274	343	338	266	7	339	267	78	53	0	21	0	0	0	1	0	0	0	0	0	1	0	0	4	3	2	0	0.620172	0.920174	0

1	sector_03_10	5013	351	2940	129	2274	3332	3122	1997	129	3123	1998	7569	537	0	1104	0	0	0	1	0	0	0	0	0	1	4	2	8	31	41	0	19.521531	36.262503	0

2	sector_06_14	4177	183	3358	109	2138	2936	2811	1938	109	2812	1939	6158	1111	0	737	0	0	0	1	0	0	0	0	0	1	4	1	9	19	34	0	16.701494	26.742281	0

1	puck0083	491	3	1254	60	1027	1579	1395	908	60	1396	909	525	167	0	382	0	0	0	1	0	0	0	0	0	1	3	0	9	21	7	0	2.080652	3.401345	0

2	puck0066	247	4	1374	67	1170	1430	1382	1022	67	1383	1023	249	137	0	126	0	0	0	1	0	0	0	0	0	1	3	0	8	18	4	0	5.000565	6.120902	0

1	puck0074	298	4	1471	60	1203	1583	1443	1064	60	1444	1065	305	208	0	185	0	0	0	1	0	0	0	0	0	1	3	0	8	16	6	0	2.540731	3.801045	0

2	sector_05_03	4116	154	2560	78	2080	2843	2704	1878	78	2705	1879	6204	402	0	701	0	0	0	1	0	0	0	0	0	1	3	1	9	18	45	0	17.481421	27.382212	0

1	puck0116	243	1	1408	75	1165	1483	1394	1037	75	1395	1038	261	168	0	128	0	0	0	1	0	0	0	0	0	1	3	0	9	24	4	0	2.160724	3.101055	0

2	puck0126	298	4	1410	69	1140	1425	1334	989	69	1335	990	331	201	0	172	0	0	0	1	0	0	0	0	0	1	3	0	7	17	6	0	5.200644	6.581057	0

1	puck0053	359	5	1325	63	1116	1521	1442	970	63	1443	971	388	146	0	225	0	0	0	1	0	0	0	0	0	1	3	0	7	16	7	0	2.660568	4.121059	0

2	sector_07_10	2973	110	2042	65	1485	1996	1924	1375	65	1925	1376	4340	492	0	554	0	0	0	1	0	0	0	0	0	1	2	1	9	14	22	0	10.701176	18.701989	0

1	puck0113	361	3	1584	87	1271	1701	1613	1084	87	1614	1085	392	226	0	204	0	0	0	1	0	0	0	0	0	1	3	0	9	16	4	0	3.140631	4.961175	0

2	cushion_3_10	53	6	332	4	270	329	328	263	4	329	264	53	58	0	7	0	0	0	1	0	0	0	0	0	1	0	0	3	2	2	0	0.720119	0.960151	0

1	cushion_1_06	73	1	326	4	314	318	318	298	4	319	299	79	8	0	2	0	0	0	1	0	0	0	0	0	1	0	0	4	3	4	0	1.000199	1.020220	0

2	puck0015	253	5	1664	76	1356	1666	1587	1214	76	1588	1215	282	232	0	129	0	0	0	1	0	0	0	0	0	1	3	0	8	19	5	0	3.340748	4.481110	0

1	puck0050	215	1	1428	53	1186	1481	1429	1046	53	1430	1047	226	189	0	98	0	0	0	1	0	0	0	0	0	1	3	0	7	14	5	0	3.560577	4.540874	0

2	sector_05_00	2974	152	2102	57	1497	1967	1881	1368	57	1882	1369	4033	548	0	425	0	0	0	1	0	0	0	0	0	1	2	1	7	15	31	0	11.801166	16.981711	0

1	puck0029	232	6	1390	83	1126	1451	1366	996	83	1367	997	246	181	0	115	0	0	0	1	0	0	0	0	0	1	2	0	8	22	6	0	2.920520	3.560900	0

2	puck0099	343	8	1441	102	1192	1559	1479	1034	102	1480	1035	357	147	0	203	0	0	0	1	0	0	0	0	0	1	3	0	7	20	5	0	4.480632	6.061056	0

1	puck0008	260	11	1140	39	960	1240	1150	841	39	1151	842	280	141	0	146	0	0	0	1	0	0	0	0	0	1	3	0	8	14	8	0	2.080530	3.620861	0

2	sector_00_14	3245	130	1942	51	1556	2041	1946	1407	51	1947	1408	4496	335	0	496	0	0	0	1	0	0	0	0	0	1	2	1	6	15	26	0	11.541467	17.442052	0

1	sector_07_15	3033	81	1945	18	1172	1657	1567	1079	18	1568	1080	4453	755	0	623	0	0	0	1	0	0	0	0	0	1	1	1	7	13	38	0	7.461479	12.482242	0

2	puck0039	549	6	1588	74	1307	1807	1685	1131	74	1686	1132	600	207	0	395	0	0	0	1	0	0	0	0	0	1	3	0	8	18	5	0	7.640578	9.461314	0

1	sector_04_15	3523	199	2482	92	1625	2371	2209	1466	92	2210	1467	5418	765	0	695	0	0	0	1	0	0	0	0	0	1	2	1	8	16	35	0	11.821291	19.722236	0

2	sector_00_05	3581	90	2035	43	1642	2197	2066	1488	43	2067	1489	5113	350	0	587	0	0	0	1	0	0	0	0	0	1	2	1	7	15	30	0	12.781498	20.102200	0

1	sector_05_14	5110	359	2937	162	2302	3470	3263	2026	162	3264	2027	7774	473	0	1069	0	0	0	1	0	0	0	0	0	1	3	2	11	21	41	0	17.641848	32.242676	0

2	sector_01_04	3741	113	2535	76	1998	2740	2579	1801	76	2580	1802	5726	461	0	674	0	0	0	1	0	0	0	0	0	1	3	1	9	23	51	0	17.841261	26.542052	0

1	puck0101	323	8	1519	107	1212	1663	1557	1062	107	1558	1063	359	200	0	186	0	0	0	1	0	0	0	0	0	1	3	0	11	20	7	0	2.880734	4.381187	0

2	puck0075	276	6	1528	82	1289	1534	1449	1122	82	1450	1123	310	157	0	126	0	0	0	1	0	0	0	0	0	1	3	0	8	17	6	0	3.780624	4.601007	0

1	sector_06_04	4211	200	2597	87	2075	3084	2922	1842	87	2923	1843	6798	435	0	894	0	0	0	1	0	0	0	0	0	1	3	1	9	24	56	0	16.361542	28.862574	0

2	cushion_1_04	60	1	412	14	297	330	326	281	14	327	282	64	101	0	4	0	0	0	1	0	0	0	0	0	1	0	0	5	5	3	0	0.620184	0.760213	0

1	puck0017	415	8	1334	46	1093	1552	1447	971	46	1448	972	429	195	0	277	0	0	0	1	0	0	0	0	0	1	3	0	9	21	7	0	2.600600	3.961199	0

2	sector_03_14	4404	229	2807	113	2220	3038	2892	2002	113	2893	2003	6453	474	0	650	0	0	0	1	0	0	0	0	0	1	3	1	8	21	33	0	18.121550	27.822376	0

1	sector_00_04	3583	182	2074	71	1521	2317	2175	1398	71	2176	1399	5581	482	0	815	0	0	0	1	0	0	0	0	0	1	2	1	8	15	46	0	10.941254	19.362079	0

2	sector_01_10	3684	135	2544	80	1974	2715	2600	1780	80	2601	1781	5485	490	0	646	0	0	0	1	0	0	0	0	0	1	3	1	7	20	34	0	16.001332	25.341977	0

1	sector_07_00	2895	132	1729	46	1088	1602	1525	999	46	1526	1000	4439	595	0	591	0	0	0	1	0	0	0	0	0	1	1	1	11	14	45	0	7.381301	12.722232	0

2	sector_06_08	4319	192	2957	116	2123	3015	2859	1907	116	2860	1908	6566	718	0	810	0	0	0	1	0	0	0	0	0	1	3	1	10	21	42	0	16.441582	27.702483	0

1	puck0035	241	3	1518	64	1236	1605	1496	1100	64	1497	1101	266	218	0	146	0	0	0	1	0	0	0	0	0	1	2	0	8	17	5	0	2.280720	2.921170	0

2	puck0021	445	4	1555	78	1306	1718	1520	1145	78	1521	1146	467	171	0	301	0	0	0	1	0	0	0	0	0	1	3	0	8	15	7	0	4.420684	6.101227	0

1	sector_05_08	4313	231	2714	104	2075	3176	2996	1902	104	2997	1903	6711	535	0	1003	0	0	0	1	0	0	0	0	0	1	3	1	7	20	34	0	16.341274	28.482174	0

2	puck0057	386	1	1491	70	1235	1607	1497	1091	70	1498	1092	391	186	0	264	0	0	0	1	0	0	0	0	0	1	3	0	9	27	6	0	3.260751	4.701256	0

1	puck0044	260	11	1298	80	1058	1408	1328	924	80	1329	925	296	160	0	152	0	0	0	1	0	0	0	0	0	1	2	0	7	15	8	0	2.220681	3.101165	0

2	sector_02_03	4172	237	2730	125	2149	2955	2781	1892	125	2782	1893	6470	456	0	598	0	0	0	1	0	0	0	0	0	1	3	1	8	22	39	0	16.621479	26.662418	0

1	puck0026	267	10	1365	77	1131	1449	1358	996	77	1359	997	280	157	0	122	0	0	0	1	0	0	0	0	0	1	3	0	7	16	4	0	3.200691	4.181049	0

2	sector_03_02	4021	196	2583	105	2076	2945	2787	1870	105	2788	1871	6298	402	0	792	0	0	0	1	0	0	0	0	0	1	4	1	7	20	34	0	15.901370	26.782344	0

1	puck0125	249	3	1444	59	1186	1577	1467	1065	59	1468	1066	269	199	0	139	0	0	0	1	0	0	0	0	0	1	2	0	7	15	5	0	2.240742	3.021182	0

2	puck0018	254	6	1407	74	1169	1412	1315	1025	74	1316	1026	277	164	0	138	0	0	0	1	0	0	0	0	0	1	3	0	8	16	3	0	4.440596	5.240898	0

1	sector_07_12	3502	143	2068	68	1533	2233	2133	1407	68	2134	1408	5067	467	0	785	0	0	0	1	0	0	0	0	0	1	2	1	7	16	44	0	11.301153	18.801811	0

2	sector_06_05	3964	192	2719	96	2029	2821	2680	1833	96	2681	1834	6193	594	0	712	0	0	0	1	0	0	0	0	0	1	3	1	9	19	37	0	14.961588	25.602316	0

1	puck0095	323	6	1329	73	1062	1467	1383	945	73	1384	946	371	194	0	212	0	0	0	1	0	0	0	0	0	1	2	0	8	16	7	0	2.540616	3.421167	0

2	puck0105	258	12	1360	66	1118	1408	1331	998	66	1332	999	291	176	0	141	0	0	0	1	0	0	0	0	0	1	2	0	7	16	6	0	3.760577	5.680905	0

1	sector_06_13	4777	314	2905	150	2178	3366	3162	1959	150	3163	1960	7538	577	0	1064	0	0	0	1	0	0	0	0	0	1	3	1	10	19	49	0	18.201413	32.102454	0

2	puck0003	920	3	1412	62	1118	2001	1609	999	62	1610	1000	976	232	0	804	0	0	0	1	0	0	0	0	0	1	3	0	7	13	6	0	3.280574	6.541842	0

1	sector_06_01	4462	191	2571	117	2075	3182	2988	1867	117	2989	1868	7475	379	0	934	0	0	0	1	0	0	0	0	0	1	3	1	9	23	48	0	15.841326	29.162330	0

2	sector_02_12	3881	166	2582	88	1975	2695	2544	1780	88	2545	1781	5814	519	0	712	0	0	0	1	0	0	0	0	0	1	3	1	8	22	33	0	16.961379	26.862117	0

1	sector_05_02	4183	132	2610	89	2073	3164	2972	1877	89	2973	1878	6719	448	0	1057	0	0	0	1	0	0	0	0	0	1	3	1	9	20	33	0	15.881098	28.202107	0

2	sector_03_11	4561	180	2991	91	2162	3017	2855	1947	91	2856	1948	6969	738	0	862	0	0	0	1	0	0	0	0	0	1	3	1	10	20	35	0	17.761437	29.102379	0

1	puck0086	297	3	1520	76	1243	1690	1620	1085	76	1621	1086	336	201	0	179	0	0	0	1	0	0	0	0	0	1	3	0	10	21	6	0	2.300770	3.381326	0

2	puck0120	386	6	1422	60	1202	1545	1377	1056	60	1378	1057	437	160	0	259	0	0	0	1	0	0	0	0	0	1	3	0	7	19	6	0	3.840692	4.961206	0

1	puck0032	385	6	1684	94	1346	1910	1745	1185	94	1746	1186	530	244	0	258	0	0	0	1	0	0	0	0	0	1	3	0	7	24	8	0	2.880635	4.241385	0

2	puck0069	239	9	1216	58	1000	1215	1180	868	58	1181	869	263	158	0	121	0	0	0	1	0	0	0	0	0	1	3	0	6	15	6	0	3.700497	5.600775	0

1	sector_00_13	3553	128	2036	58	1524	2260	2123	1394	58	2124	1395	5382	454	0	802	0	0	0	1	0	0	0	0	0	1	2	1	13	25	48	0	10.841183	18.482239	0

2	sector_06_11	3835	161	2643	106	2023	2790	2657	1829	106	2658	1830	5817	514	0	677	0	0	0	1	0	0	0	0	0	1	3	1	7	17	31	0	15.261503	25.122350	0

1	sector_03_04	4679	257	2802	121	2180	3168	3012	1940	121	3013	1941	7210	501	0	936	0	0	0	1	0	0	0	0	0	1	3	1	10	26	46	0	17.321362	30.022366	0

2	sector_05_12	4351	211	2846	119	2197	3131	2937	1966	119	2938	1967	6772	530	0	776	0	0	0	1	0	0	0	0	0	1	4	1	9	29	58	0	17.221623	28.822602	0

1	sector_04_03	4240	212	2661	96	2080	3087	2947	1868	96	2948	1869	6612	485	0	999	0	0	0	1	0	0	0	0	0	1	3	1	9	20	38	0	15.101410	27.462408	0

2	sector_00_11	3524	180	2297	68	1626	2186	2072	1472	68	2073	1473	5019	603	0	564	0	0	0	1	0	0	0	0	0	1	2	1	7	16	33	0	12.261497	19.182115	0

1	sector_03_01	4318	261	2620	106	2048	3022	2883	1859	106	2884	1860	6664	466	0	837	0	0	0	1	0	0	0	0	0	1	3	1	9	16	34	0	15.461377	27.162269	0

2	puck0054	231	4	1196	43	994	1229	1201	904	43	1202	905	241	159	0	136	0	0	0	1	0	0	0	0	0	1	2	0	8	12	3	0	3.260526	3.960858	0

1	sector_02_02	4142	258	2507	122	1999	2958	2816	1804	122	2817	1805	6454	386	0	820	0	0	0	1	0	0	0	0	0	1	3	1	10	20	34	0	15.681356	27.082219	0

2	sector_04_13	4411	281	2919	126	2234	3136	2946	2002	126	2947	2003	6739	559	0	781	0	0	0	1	0	0	0	0	0	1	4	1	10	21	35	0	17.461553	30.922548	0

1	sector_06_10	4800	254	2681	103	2047	3126	2924	1838	103	2925	1839	7638	531	0	1193	0	0	0	1	0	0	0	0	0	1	3	2	7	20	40	0	15.981416	29.882626	0

2	puck0114	276	6	1583	72	1336	1512	1467	1166	72	1468	1167	313	175	0	120	0	0	0	1	0	0	0	0	0	1	3	0	7	15	6	0	4.160731	5.101023	0

1	sector_05_11	4654	328	2792	117	2110	3247	3037	1888	117	3038	1889	7408	565	0	1102	0	0	0	1	0	0	0	0	0	1	3	1	8	19	44	0	16.221599	30.042626	0

2	puck0102	178	3	1405	66	1128	1280	1256	1010	66	1257	1011	198	211	0	73	0	0	0	1	0	0	0	0	0	1	2	0	7	16	4	0	3.980618	5.280864	0

1	sector_02_11	3771	199	2475	93	1946	2848	2709	1746	93	2710	1747	5956	436	0	850	0	0	0	1	0	0	0	0	0	1	3	1	10	24	44	0	13.921252	24.782132	0

2	sector_05_06	4073	197	2716	101	2088	2914	2772	1906	101	2773	1907	6167	527	0	712	0	0	0	1	0	0	0	0	0	1	3	1	8	19	37	0	17.181345	27.422111	0

1	puck0011	282	8	1333	54	1118	1392	1321	974	54	1322	975	317	161	0	136	0	0	0	1	0	0	0	0	0	1	3	0	7	19	4	0	2.720533	3.740858	0

2	puck0111	181	4	1309	49	1115	1308	1279	995	49	1280	996	198	145	0	72	0	0	0	1	0	0	0	0	0	1	3	0	8	16	6	0	3.480568	4.260823	0

1	sector_02_05	4620	320	2640	132	2058	3454	3024	1865	132	3025	1866	8339	450	0	1233	0	0	0	1	0	0	0	0	0	1	3	1	10	18	36	0	16.581196	32.642186	0

2	sector_07_04	3388	94	2098	47	1536	1998	1933	1410	47	1934	1411	4727	515	0	581	0	0	0	1	0	0	0	0	0	1	2	1	8	17	40	0	11.061355	17.141903	0

1	sector_00_10	4339	200	2470	77	1669	2627	2457	1512	77	2458	1513	7187	724	0	1027	0	0	0	1	0	0	0	0	0	1	2	1	7	16	40	0	11.341591	22.762747	0

2	sector_01_01	4280	137	2596	83	2078	2776	2628	1831	83	2629	1832	6390	435	0	637	0	0	0	1	0	0	0	0	0	1	3	1	9	23	40	0	17.041327	26.922108	0

1	sector_04_12	4533	240	2712	115	2160	3220	3031	1939	115	3032	1940	7251	437	0	1018	0	0	0	1	0	0	0	0	0	1	3	1	8	18	42	0	16.081389	29.262467	0

2	puck0036	468	5	1443	69	1174	1618	1527	1028	69	1528	1029	525	200	0	337	0	0	0	1	0	0	0	0	0	1	3	0	8	16	9	0	3.160544	5.321268	0

1	sector_03_13	4689	213	2694	116	2154	3318	3108	1958	116	3109	1959	7805	424	0	1075	0	0	0	1	0	0	0	0	0	1	3	2	10	23	40	0	16.661430	30.262771	0

2	puck0078	167	0	1129	44	916	1068	1043	804	44	1044	805	184	169	0	71	0	0	0	1	0	0	0	0	0	1	2	0	7	15	3	0	3.640453	4.140740	0

1	sector_01_06	4393	267	2660	124	2078	3109	2949	1858	124	2950	1859	6675	458	0	907	0	0	0	1	0	0	0	0	0	1	3	1	12	30	55	0	15.841367	27.542520	0

2	puck0063	424	9	1580	62	1315	1673	1512	1157	62	1513	1158	553	203	0	267	0	0	0	1	0	0	0	0	0	1	3	0	10	21	7	0	5.080708	6.801236	0

1	sector_00_07	3566	134	2156	69	1574	2333	2200	1431	69	2201	1432	5256	513	0	811	0	0	0	1	0	0	0	0	0	1	2	1	9	23	34	0	11.341253	19.961852	0

2	sector_00_08	3397	120	2092	52	1573	2164	2049	1446	52	2050	1447	5185	467	0	551	0	0	0	1	0	0	0	0	0	1	2	1	7	17	23	0	11.081683	18.242332	0

1	cushion_3_03	90	14	374	6	272	386	384	261	6	385	262	90	96	0	26	0	0	0	1	0	0	0	0	0	1	0	0	3	3	2	0	0.740114	1.040206	0

2	sector_06_02	4469	212	2709	79	2152	2914	2778	1897	79	2779	1898	6859	478	0	760	0	0	0	1	0	0	0	0	0	1	4	1	8	23	31	0	17.881490	28.482355	0

1	puck0047	291	17	1416	79	1162	1530	1446	1013	79	1447	1014	388	175	0	136	0	0	0	1	0	0	0	0	0	1	3	0	11	30	21	0	2.960638	4.181107	0

2	puck0000	387	5	1430	73	1176	1546	1402	1037	73	1403	1038	478	181	0	268	0	0	0	1	0	0	0	0	0	1	3	0	7	21	5	0	4.620554	6.541108	0

1	puck0098	300	8	1216	61	944	1337	1204	835	61	1205	836	359	211	0	198	0	0	0	1	0	0	0	0	0	1	2	0	10	20	7	0	2.060487	3.160974	0

2	puck0006	162	4	1207	45	1029	1142	1121	902	45	1122	903	181	133	0	42	0	0	0	1	0	0	0	0	0	1	3	0	7	16	6	0	3.980533	5.480743	0

1	cushion_3_06	98	10	484	8	344	480	475	321	8	476	322	106	132	0	28	0	0	0	1	0	0	0	0	0	1	0	0	4	4	2	0	0.760195	1.100294	0

2	cushion_3_07	88	6	428	3	333	428	425	318	3	426	319	95	92	0	16	0	0	0	1	0	0	0	0	0	1	0	0	4	4	3	0	0.720206	1.060239	0

1	sector_07_06	4251	174	2574	62	1695	2561	2411	1547	62	2412	1548	6527	817	0	1034	0	0	0	1	0	0	0	0	0	1	2	1	8	18	29	0	12.161634	21.382631	0

2	sector_00_02	2893	51	1668	32	1393	1899	1809	1293	32	1810	1294	4461	243	0	565	0	0	0	1	0	0	0	0	0	1	2	1	6	13	26	0	10.341206	16.561808	0

1	puck0005	292	8	1471	48	1178	1503	1419	1037	48	1420	1038	317	245	0	166	0	0	0	1	0	0	0	0	0	1	2	0	9	21	5	0	2.660662	3.521116	0
Node 2: Cache Probes 351372, Cache Hits 351042, Cache Misses 330 Hit Ratio 99.91 percent
Node 1: Cache Probes 374053, Cache Hits 373729, Cache Misses 324 Hit Ratio 99.91 percent
Migration Count Node 2: Migrations In 0, Migrations Out 0, Routing Faults 0, States Out 0, States In 0, States Not Sent 0
Migration Count Node 1: Migrations In 0, Migrations Out 0, Routing Faults 0, States Out 0, States In 0, States Not Sent 0
Page Fault Node	2:	29551
Page Fault Node	1:	18457
TW node	2	Sun Named	amethyst
TW node	1	Sun Named	ice9
Node 2: max msg buffs allocated to free pool = 800
Node 1: max msg buffs allocated to free pool = 788
Node 2: num msg buffs released from free pool = 4066
Node 1: num msg buffs released from free pool = 4551
Node 2: Max Local Time 2147483647 for Object sector_07_07
Node 1: Max Local Time 2147483647 for Object sector_06_07
Node 2: No home ask needed for pending entry 33 times
Node 1: No home ask needed for pending entry 21 times
Node 2: Homeasks sent 112 Homeasks received 87
Node 1: Homeasks sent 128 Homeasks received 80
Node 2: Homeans sent 87 Homeans received 112
Node 1: Homeans sent 80 Homeans received 128



@(#)brkpt.c 1.7	9/26/89	15:40:41	TIMEWARP
@(#)buglib2.c     1.67	10/23/89	11:02:54	TIMEWARP
@(#)cmp.c     1.18	6/2/89	12:43:16	TIMEWARP
@(#)comdtab.c     1.53	10/2/89	14:12:10	TIMEWARP
@(#)command.c     1.52	9/26/89	15:38:16	TIMEWARP
@(#)commit.c       1.20	9/26/89	16:48:05	TIMEWARP
@(#)cubeio.c       1.47	10/2/89	14:15:56	TIMEWARP
@(#)deliver.c     $Revision: 1.7 $	$Date: 91/11/01 09:19:43 $	TIMEWARP
@(#)fileio.c       $Revision: 1.9 $	$Date: 91/11/01 09:22:53 $	TIMEWARP
@(#)format.c       1.21	9/27/89	14:03:48	TIMEWARP
@(#)getime.c       1.16	6/2/89	12:43:47	TIMEWARP
@(#)gvt2.c    1.9	10/23/89	08:53:45	TIMEWARP
@(#)hostifc.c     1.47	9/12/89	17:08:43	TIMEWARP
@(#)int.c     $Revision: 1.5 $	$Date: 91/12/27 09:05:55 $	TIMEWARP
@(#)idlist.c       $Revision: 1.4 $	$Date: 91/08/07 16:36:14 $	TIMEWARP
@(#)list.c   $Revision: 1.7 $	$Date: 91/12/27 08:42:32 $	TIMEWARP
@(#)loadman.c     1.1	10/2/89	17:00:55	TIMEWARP
@(#)machdep.c     1.58	10/2/89	14:45:42	TIMEWARP
@(#)machifc.c     $Revision: 1.8 $	$Date: 91/11/01 09:41:12 $	TIMEWARP
@(#)make.c   $Revision	$Date	TIMEWARP
@(#)mem.c     $Revision: 1.7 $	$Date: 91/12/27 09:08:13 $	TIMEWARP
@(#)migr.c 1.31	10/6/89	14:25:23	TIMEWARP
@(#)mkmsg.c 1.9	6/2/89	12:44:35	TIMEWARP
@(#)moninit.c     1.23	6/2/89	12:44:37	TIMEWARP
@(#)monitor.c     1.12	6/2/89	12:44:41	TIMEWARP
@(#)mproc.c 1.55	9/28/89	15:05:09	TIMEWARP
@(#)msgcntl.c     1.48	10/2/89	15:02:31	TIMEWARP
@(#)nq.c       1.67	10/2/89	15:05:42	TIMEWARP
@(#)objend.c       1.42	9/26/89	16:44:32	TIMEWARP
@(#)objhead.c     $Revision: 1.10 $	$Date: 91/12/27 08:47:35 $	TIMEWARP
@(#)objifc.c       $Revision: 1.12 $	$Date: 91/12/27 09:10:27 $	TIMEWARP
@(#)rollback.c   1.58	10/6/89	14:23:00	TIMEWARP
@(#)save.c   $Revision: 1.4 $	$Date: 91/11/01 10:06:24 $	TIMEWARP
@(#)sched.c $Revision: 1.11 $	$Date: 92/02/25 10:35:53 $	TIMEWARP
@(#)sendback.c   $Revision: 1.10 $	$Date: 91/11/06 11:12:34 $	TIMEWARP
@(#)serve.c 1.65	9/26/89	16:40:59	TIMEWARP
@(#)services.c   $Revision: 1.5 $	$Date: 91/11/01 12:36:56 $	TIMEWARP
@(#)start.c $Revision: 1.6 $	$Date: 91/11/01 12:38:51 $	TIMEWARP
@(#)state.c $Revision: 1.15 $	$Date: 91/12/27 09:57:34 $	TIMEWARP
@(#)stats.c 1.29	8/8/89	13:21:20	TIMEWARP
@(#)storage.c     1.49	10/2/89	16:23:20	TIMEWARP
@(#)tester.c       $Revision: 1.13 $	$Date: 91/12/27 09:18:24 $	TIMEWARP
@(#)timewarp.c   $Revision: 1.23 $	$Date: 92/02/25 10:49:44 $	TIMEWARP
@(#)tlib.c   1.4	6/2/89	12:46:24	TIMEWARP
@(#)toupper.c     1.5	6/2/89	12:46:26	TIMEWARP
@(#)tstrinit.c   1.44	10/2/89	16:28:12	TIMEWARP
@(#)turboq2.c     1.25	6/2/89	12:46:32	TIMEWARP
@(#)objloc.c       1.30	10/2/89	15:42:10	TIMEWARP
@(#)vtime.c 1.5	9/27/89	15:54:23	TIMEWARP
