64	0	112500	112500	0.625
64	1	112500	112500	0.625
64	2	112500	112500	0.625
64	3	112500	112500	10953
64	4	112500	112490	13368.3
64	5	112500	112490	13368.3
64	6	112500	112402	16431.3
64	7	112500	112319	16406.5
64	8	112500	111943	26368.2
64	9	112500	111955	22093.4
64	10	112500	111955	43949.9
64	11	112071	73263.5	44115.6
64	12	113983	107011	51679.1
64	13	113983	107201	63916.8
64	14	113983	109075	73078.1
64	15	113983	110374	76473.4
64	16	113983	108048	81951.6
64	17	113983	106118	81598.8
64	18	113983	109200	79695.2
64	19	114131	113306	88576.3
64	20	114131	112115	98787.3
64	21	114131	112048	95284.4
64	22	114131	112116	103856
64	23	114131	108461	100439
64	24	114131	111990	99828.8
64	25	114131	111619	87848.4
64	26	114131	112779	89471.6
64	27	114131	111079	93200.3
64	28	114131	113793	94797.8
64	29	114131	113755	101691
64	30	114131	112264	106119
64	31	114131	112971	105895
64	32	114131	112527	108360
64	33	114131	113282	100986
64	34	114131	112067	90799.6
64	35	114131	113360	91489.1
64	36	114131	112931	96116.7
64	37	114131	113248	89212.2
64	38	114131	112504	94454.1
64	39	114131	113776	101159
64	40	114131	113212	103485
64	41	114131	113002	102221
64	42	114131	113239	99048.3
64	43	114131	114000	104527
64	44	114131	113454	104825
64	45	114131	113116	106316
64	46	114131	112649	102327
64	47	114131	114066	109271
64	48	114131	113956	109712
64	49	114131	113578	117642
64	50	114131	113209	120976
64	51	114131	112324	124038
64	52	114131	112429	124637
64	53	114131	112874	119370
64	54	114131	113459	99554.9
64	55	114131	113995	95323.7
64	56	114131	112918	93354.4
64	57	114131	111046	98422.3
64	58	114131	109855	105798
64	59	114131	113513	104195
64	60	114131	113864	111789
64	61	114131	112835	112016
64	62	114131	113103	103977
64	63	114131	113680	105105
64	64	114131	112549	92703.3
64	65	114131	111553	83944.9
64	66	114131	114045	99786.2
64	67	114131	114125	96615.2
64	68	114131	113943	89651
64	69	114131	114121	95178.2
64	70	114131	112979	98026
64	71	114131	112155	120069
64	72	114131	111378	127283
64	73	114131	113908	129468
64	74	114131	113776	134107
64	75	114131	113320	139349
64	76	114131	110408	123850
64	77	114131	113799	95958
64	78	114131	111936	86066.5
64	79	117515	117412	85903.1
64	80	117515	117014	81171.8
64	81	117515	117474	84029.3
64	82	117515	117329	84512.6
64	83	117515	116390	87385.8
64	84	117515	117117	84773.1
64	85	117876	117560	90820.6
64	86	117876	116690	90858.1
64	87	117876	117394	90250.5
64	88	117876	117787	87164.7
64	89	117876	117365	89510.5
64	90	117876	117038	91903.8
