32	0	114020	0	0
32	1	114020	1054.69	0
32	2	114020	1968.75	0
32	3	114020	2742.19	0
32	4	114020	3375	0
32	5	114020	3867.19	0.0866005
32	6	114020	4341.8	89.1789
32	7	114020	4482.16	19536.1
32	8	114020	4482.16	25567.8
32	9	114020	4497.22	27686.3
32	10	114020	4497.22	29260.8
32	11	114020	4497.22	29711.3
32	12	114020	35879.8	29711.3
32	13	114020	104721	60038.1
32	14	114020	81765.9	71795.8
32	15	114020	55357.4	70435.1
32	16	114020	47088.1	82522.6
32	17	114020	61153.9	82522.6
32	18	114020	83113.3	83249
32	19	114020	97406.9	85283.8
32	20	114020	113973	88605.8
32	21	114020	108193	88641.6
32	22	114020	106340	96421.6
32	23	114020	104406	96241.5
32	24	114020	110746	96369.3
32	25	114020	113764	95267.8
32	26	114020	111849	95496.7
32	27	114020	111216	102316
32	28	114020	113029	110076
32	29	114020	113282	111018
32	30	114020	112456	110280
32	31	114020	112804	101128
32	32	114020	113804	106978
32	33	114020	112130	103681
32	34	114020	113808	122313
32	35	114020	113934	120547
32	36	114020	108012	127033
32	37	114020	112674	138942
32	38	114020	113848	130636
32	39	114020	113648	135412
32	40	114020	112560	138009
32	41	114020	111793	137700
32	42	114020	110259	129542
32	43	114020	109038	131006
32	44	114020	112938	142786
32	45	114020	109980	148123
32	46	114020	104508	152307
32	47	114020	109273	151920
32	48	114020	111388	151207
32	49	114020	112461	149668
32	50	114020	107862	141150
32	51	114020	103582	142210
32	52	114020	99695.7	148550
32	53	114020	113026	148391
32	54	114020	111754	155255
32	55	114020	110345	154951
32	56	114020	111994	144725
32	57	114020	111149	110777
32	58	114020	113112	102531
32	59	114020	113947	120868
32	60	114020	111986	119619
32	61	114020	112904	119329
32	62	114020	112700	120259
32	63	114020	113978	122292
32	64	114020	113847	124831
32	65	114020	100447	120686
32	66	114020	96976.4	120874
32	67	114020	104896	102991
32	68	114020	112321	100455
32	69	114020	112788	110809
32	70	114020	112814	110809
32	71	114020	112547	129835
32	72	114020	103470	128105
32	73	114020	101675	128213
32	74	114020	105372	126804
32	75	114020	113069	98466.2
32	76	114020	108993	98466.2
32	77	114020	108143	100423
32	78	114020	92338.2	101156
32	79	114020	105681	101517
32	80	114020	105401	99807.5
32	81	114020	113851	113205
32	82	114020	112341	114632
32	83	114020	110294	142861
32	84	114020	104172	146889
32	85	114020	106135	151745
32	86	114020	113128	147881
32	87	114020	113048	150739
32	88	114020	111918	134824
32	89	114020	109339	130468
32	90	114020	113041	130676
32	91	114020	112615	130730
32	92	114020	113091	130736
32	93	114020	106277	132016
32	94	114020	105980	122531
32	95	114020	106106	122394
32	96	114020	113506	121179
32	97	114020	108342	128354
32	98	114020	112746	128345
32	99	114020	113005	106756