32	0	114020	0	0
32	1	114020	1054.69	0
32	2	114020	1968.75	0
32	3	114020	2742.19	0
32	4	114020	3375	0
32	5	114020	3867.19	0.0866005
32	6	114020	4341.8	89.1789
32	7	114020	4482.16	19536.1
32	8	114020	4482.16	25567.8
32	9	114020	4497.22	27686.3
32	10	114020	4497.22	29260.8
32	11	114020	4497.22	29711.3
32	12	114020	35879.8	29711.3
32	13	114020	104721	60038.1
32	14	114020	81765.9	71795.8
32	15	114020	55357.4	70435.1
32	16	114020	47088.1	82522.6
32	17	114020	61153.9	82522.6
32	18	114020	83113.3	83249
32	19	114020	97406.9	85283.8
32	20	114020	113973	88605.8
32	21	114020	108193	88641.6
32	22	114020	106340	96421.6
32	23	114020	104406	96241.5
32	24	114020	110746	96369.3
32	25	114020	113764	95267.8
32	26	114020	111849	95496.7
32	27	114020	111216	102316
32	28	114020	113029	110076
32	29	114020	113282	111018
32	30	114020	112456	110280
32	31	114020	112804	101128
32	32	114020	113804	106978
32	33	114020	112130	103681
32	34	114020	113808	122313
32	35	114020	113934	120547
32	36	114020	108012	127033
32	37	114020	112674	138942
32	38	114020	113848	130636
32	39	114020	113648	135412
32	40	114020	112560	138009
32	41	114020	111793	137700
32	42	114020	110259	129542
32	43	114020	109038	131006
32	44	114020	112938	142786
32	45	114020	109980	148123
32	46	114020	104508	152307
32	47	114020	109273	151920
32	48	114020	111388	151207
32	49	114020	112461	149668
32	50	114020	107862	141150
32	51	114020	103582	142210
32	52	114020	99695.7	148550
32	53	114020	113026	148391
32	54	114020	111754	155255
32	55	114020	110345	154951
32	56	114020	111994	144725
32	57	114020	111149	110777
32	58	114020	113112	102531
32	59	114020	113947	120868
32	60	114020	111986	119619
32	61	114020	112904	119329
32	62	114020	112700	120259
32	63	114020	113978	122292
32	64	114020	113847	124831
32	65	114020	100447	120686
32	66	114020	96976.4	120874
32	67	114020	104896	102991
32	68	114020	112321	100455
32	69	114020	112788	110809
32	70	114020	112814	110809
32	71	114020	112547	129835
32	72	114020	103470	128105
32	73	114020	101675	128213
32	74	114020	105372	126804
32	75	114020	113069	98466.2
32	76	114020	108993	98466.2
32	77	114020	108143	100423
32	78	114020	92338.2	101156
32	79	114020	105681	101517
32	80	114020	105401	99807.5
32	81	114020	113851	113205
32	82	114020	112341	114632
32	83	114020	110294	142861
32	84	114020	104172	146889
32	85	114020	106135	151745
32	86	114020	113128	147881
32	87	114020	113048	150739
32	88	114020	111918	134824
32	89	114020	109339	130468
32	90	114020	113041	130676
32	91	114020	112615	130730
32	92	114020	113091	130736
32	93	114020	106277	132016
32	94	114020	105980	122531
32	95	114020	106106	122394
32	96	114020	113506	121179
32	97	114020	108342	128354
32	98	114020	112746	128345
32	99	114020	113005	106756
32	100	114020	108488	110937
32	101	114020	113419	97737.1
32	102	114020	113184	99774.8
32	103	114020	113682	99300.3
32	104	114020	104099	99265.2
32	105	114020	109673	91699.2
32	106	114020	109541	91729.8
32	107	114020	113341	90858.5
32	108	114020	103031	87796.3
32	109	114020	108924	87796.3
32	110	114020	104863	103330
32	111	114020	113990	108220
32	112	114020	113536	110005
32	113	114020	114001	109110
32	114	114020	112710	109631
32	115	114020	112185	109326
32	116	114020	105895	109326
32	117	114020	109493	102687
32	118	114020	113641	103440
32	119	114020	110847	108407
32	120	114020	112240	108292
32	121	114020	111268	103228
32	122	114020	111296	102243
32	123	114020	110946	99174.9
32	124	114020	111589	98087.4
32	125	114020	104638	92042.4
32	126	114020	111106	91212.4
32	127	114020	113756	82303.5
32	128	114020	111436	90393.9
32	129	114020	110686	91801.7
32	130	114020	111933	91615.1
32	131	114020	110278	91549.6
32	132	114020	108708	88183.4
32	133	114020	111432	87052.7
32	134	114020	110583	87103.1
32	135	114020	110469	87124.7
32	136	114020	113095	88192.1
32	137	114020	112289	88192.1
32	138	114020	112849	94380.7
32	139	114020	109280	94585.1
32	140	114020	109511	88743.8
32	141	114020	103209	90040.5
32	142	114020	106920	103251
32	143	114020	110034	88555.8
32	144	114020	107423	81611.9
32	145	114020	108840	110038
32	146	114020	111051	110461
32	147	114020	111039	112464
32	148	114020	105143	113115
32	149	114020	102359	97036.8
32	150	114020	111224	103960
32	151	114020	113661	99305.6
32	152	114020	112939	106388
32	153	114020	111814	110857
32	154	114020	105315	109592
32	155	114020	97886.3	106495
32	156	114020	101179	105639
32	157	114020	110059	110671
32	158	114020	112500	108185
32	159	114020	109253	111244
32	160	114020	108397	108966
32	161	114020	100196	144359
32	162	114020	102264	144359
32	163	114020	97054.8	123388
32	164	114020	96825.5	125370
32	165	114020	105835	131816
32	166	114020	107625	131816
32	167	114020	105697	139899
32	168	114020	110638	133040
32	169	114020	110168	131423
32	170	114020	109804	130334
32	171	114020	114007	126749
32	172	114020	113489	123291
32	173	114020	113767	119581
32	174	114020	113944	116937
32	175	114020	112673	117309
32	176	114020	113863	117364
32	177	114020	111093	115967
32	178	114020	113534	114807
32	179	114020	109417	133126
32	180	114020	111456	135527
32	181	114020	112073	105784
32	182	114020	112493	104504
32	183	114020	112628	112854
32	184	114020	112141	104197
32	185	114020	110440	104599
32	186	114020	113793	112131
32	187	114020	110987	112170
32	188	114020	113492	111537
32	189	114020	112436	125526
32	190	114020	112122	127155
32	191	114020	111248	126795
32	192	114020	113252	134897
32	193	114020	111042	132571
32	194	114020	113768	121495
32	195	114020	113601	117060
32	196	114020	108867	117060
32	197	114020	113461	117060
32	198	114020	113362	118784
32	199	114020	109992	120738
32	200	114020	112729	119028
32	201	114020	111286	118817
32	202	114020	110843	118807
32	203	114020	108908	108987
32	204	114020	113518	90973.1
32	205	114020	105471	88083.5
32	206	114020	101951	89023.6
32	207	114020	101589	89802.4
32	208	114020	113470	95744.4
32	209	114020	113731	92340.2
32	210	114020	112210	93921.7
32	211	114020	106998	105393
32	212	114020	110598	111530
32	213	114020	111124	95589.9
32	214	114020	111221	95257.6
32	215	114020	110754	92039.7
32	216	114020	113712	93688.2
32	217	114020	113960	93466.2
32	218	114020	112213	84576.9
32	219	114020	113321	79774.7
32	220	114020	110421	89855.8
32	221	114020	113132	82000.3
32	222	114020	113761	87724.5
32	223	114020	108095	87724.5
32	224	114020	112711	90370.5
32	225	114020	113936	83788.2
32	226	114020	112580	87061
32	227	114020	112441	83519.5
32	228	114020	110610	83519.5
32	229	114020	111066	83471.1
32	230	114020	112422	83852.8
32	231	114020	110322	87736.2
32	232	114020	108835	85422.6
32	233	114020	111963	82641.8
32	234	114020	113092	87040.3
32	235	114020	111258	85973.7
32	236	114020	113520	89151.7
32	237	114020	113854	89376.7
32	238	114020	113648	93973.7
32	239	114020	112034	90621.8
32	240	114020	114007	87042.1
32	241	114020	113085	90082.1
32	242	114020	108872	92239.1
32	243	114020	108404	91462.8
32	244	114020	107348	85542
32	245	114020	107128	83285.5
32	246	114020	113480	81496
32	247	114020	113268	82234.2
32	248	114020	111302	85412.2
32	249	114020	105600	91021
32	250	114020	102637	95835.1
32	251	114020	105705	94173.9
32	252	114020	106724	85908.1
32	253	114020	114020	87179.3
32	254	114020	113199	110884
32	255	114020	112678	111627
32	256	114020	111574	128957
32	257	114020	113530	131631
32	258	114020	110696	136020
32	259	114020	111613	135481
32	260	114020	112253	137907
32	261	114020	107286	135568
32	262	114020	113240	136166
32	263	114020	113498	135837
32	264	114020	112938	122065
32	265	114020	112692	120259
32	266	114020	109530	120259
32	267	114020	112031	93475.1
32	268	114020	109445	99271.5
32	269	114020	110935	104021
32	270	114020	113310	108578
32	271	114020	109756	108165
32	272	114020	111876	110863
32	273	114020	108053	109981
32	274	114020	109581	98601.9
32	275	114020	110015	97007.6
32	276	114020	111538	97800.5
32	277	114020	109841	93836.4
32	278	114020	107994	93557.4
32	279	114020	110703	93143.1
32	280	114020	109168	93204.1
32	281	114020	109277	95044.6
32	282	114020	113537	85406.1
32	283	114020	112600	85429.8
32	284	114020	113765	85429.8
32	285	114020	111496	85921
32	286	114020	110681	86342.7
32	287	114020	109942	86342.7
32	288	114020	106829	85375.3
32	289	114020	111937	88213.5
32	290	114020	110997	82270.8
32	291	114020	107176	77603.7
32	292	114020	100700	91468.9
32	293	114020	105163	76706.1
32	294	114020	109135	73336.1
32	295	114020	112916	73176.9
32	296	114020	113488	71971.4
32	297	114020	113719	83639
32	298	114020	113708	84027.3
32	299	114020	111260	86151
32	300	114020	108983	85813.6
32	301	114020	111572	92362
32	302	114020	113968	88733.2
32	303	114020	104971	88733.2
32	304	114020	106134	99734.6
32	305	114020	112724	99625.7
32	306	114020	111367	109910
32	307	114020	107120	113878
32	308	114020	107366	112262
32	309	114020	111988	119467
32	310	114020	113997	120179
32	311	114020	113704	120356
32	312	114020	113135	117893
32	313	114020	109974	114684
32	314	114020	108255	115731
32	315	114020	108042	112996
32	316	114020	106002	115008
32	317	114020	110753	114631
32	318	114020	111250	113780
32	319	114020	112247	121856
32	320	114020	113286	117596
32	321	114020	112908	109969
32	322	114020	113262	110126
32	323	114020	104015	92909.5
32	324	114020	109233	93009.5
32	325	114020	104022	95834.9
32	326	114020	102420	96443.1
32	327	114020	104405	108274
32	328	114020	113720	111447
32	329	114020	110906	111447
32	330	114020	108102	116268
32	331	114020	99901.3	108925
32	332	114020	101955	110756
32	333	114020	112654	117094
32	334	114020	109759	104005
32	335	114020	104830	108219
32	336	114020	105641	99009.7
32	337	114020	103751	96771.5
32	338	114020	112388	92457.8
32	339	114020	111925	89982.9
32	340	114020	110278	100574
32	341	114020	111393	99015.4
32	342	114020	113930	105196
32	343	114020	113372	107345
32	344	114020	112876	109184
32	345	114020	111897	109023
32	346	114020	111695	110303
32	347	114020	108768	110841
32	348	114020	106456	109497
32	349	114020	113294	110825
32	350	114020	114014	110857
32	351	114020	111285	119526
32	352	114020	113188	109066
32	353	114020	109278	109292
32	354	114020	111130	106546
32	355	114020	111008	114356
32	356	114020	111155	117049
32	357	114020	111042	112937
32	358	114020	111675	112906
32	359	114020	107474	110340
32	360	114020	112123	110323
32	361	114020	112084	110323
32	362	114020	112361	110519
32	363	114020	109981	104209
32	364	114020	113588	102932
32	365	114020	113906	96807.4
32	366	114020	108953	97125
32	367	114020	108155	101384
32	368	114020	110843	110477
32	369	114020	111737	110935
32	370	114020	109469	110369
32	371	114020	92286.9	114469
32	372	114020	106016	109630
32	373	114020	107969	111875
32	374	114020	113037	105709
32	375	114020	104054	102823
32	376	114020	106596	103659
32	377	114020	104396	101965
32	378	114020	112094	102324
32	379	114020	113545	102324
32	380	114020	112113	103275
32	381	114020	113071	126243
32	382	114020	112686	126243
32	383	114020	112269	124257
32	384	114020	110129	131931
32	385	114020	112002	131931
32	386	114020	109065	124478
32	387	114020	111662	128537
32	388	114020	113755	127531
32	389	114020	105143	148322
32	390	114020	102689	148149
32	391	114020	110455	152413
32	392	114020	112799	152413
32	393	114020	109472	129964
32	394	114020	110352	140713
32	395	114020	103622	139916
32	396	114020	113136	158542
32	397	114020	113985	158870
32	398	114020	113307	158648
32	399	114020	108700	150696
32	400	114020	111063	154008
32	401	114020	113293	133075
32	402	114020	112720	116386
32	403	114020	112719	105036
32	404	114020	111044	111177
32	405	114020	110711	109611
32	406	114020	113843	111063
32	407	114020	113443	111063
32	408	114020	111818	110519
32	409	114020	113557	110368
32	410	114020	110811	114227
32	411	114020	111144	114227
32	412	114020	99725.1	114110
32	413	114020	111032	124928
32	414	114020	113403	125357
32	415	114020	113998	126453
32	416	114020	100612	122566
32	417	114020	98034.4	121684
32	418	114020	106485	120942
32	419	114020	107617	109082
32	420	114020	110492	98970.9
32	421	114020	104917	100105
32	422	114020	104334	99596.3
32	423	114020	111882	96771.7
32	424	114020	110752	108505
32	425	114020	112478	90069.9
32	426	114020	108621	89594.6
32	427	114020	108984	89594.6
32	428	114020	109438	89614.4
32	429	114020	113888	89614.4
32	430	114020	105047	87285.8
32	431	114020	106046	87285.8
32	432	114020	108446	86165.1
32	433	114020	112990	101246
32	434	114020	113777	105773
32	435	114020	113528	109285
32	436	114020	110867	104737
32	437	114020	112335	107602
32	438	114020	113583	121310
32	439	114020	111859	119605
32	440	114020	111035	122505
32	441	114020	108309	120373
32	442	114020	106156	121230
32	443	114020	107469	122057
32	444	114020	111096	117869
32	445	114020	113028	117265
32	446	114020	109906	117235
32	447	114020	112578	135631
32	448	114020	112692	127923
32	449	114020	109024	116473
32	450	114020	106095	116370
32	451	114020	94337.6	117426
32	452	114020	100330	117277
32	453	114020	90517	117518
32	454	114020	112279	120922
32	455	114020	113963	121292
32	456	114020	106366	121292
32	457	114020	107155	121329
32	458	114020	111810	105546
32	459	114020	100757	102122
32	460	114020	109522	102122
32	461	114020	110812	102476
32	462	114020	112764	105439
32	463	114020	112845	108309
32	464	114020	110799	103359
32	465	114020	111283	128256
32	466	114020	112493	130849
32	467	114020	113931	132468
32	468	114020	113799	132207
32	469	114020	111944	134519
32	470	114020	113183	134759
32	471	114020	107817	134503
32	472	114020	112213	134325
32	473	114020	113906	133434
32	474	114020	109568	131952
32	475	114020	104594	137409
32	476	114020	112730	150135
32	477	114020	112684	106360
32	478	114020	113180	103564
32	479	114020	111153	107497
32	480	114020	108931	117817
32	481	114020	109182	118426
32	482	114020	112231	120277
32	483	114020	111445	122653
32	484	114020	110037	114774
32	485	114020	108238	116746
32	486	114020	113050	122794
32	487	114020	113390	122794
32	488	114020	110877	121111
32	489	114020	109995	126419
32	490	114020	104721	126442
32	491	114020	104732	132752
32	492	114020	107670	125338
32	493	114020	103536	127888
32	494	114020	103610	112205
32	495	114020	105178	112111
32	496	114020	103819	108843
32	497	114020	102786	110340
32	498	114020	109217	110795
32	499	114020	109814	110877
32	500	114020	114011	110271
32	501	114020	112823	112644
32	502	114020	112930	114046
32	503	114020	112966	115159
32	504	114020	107795	109684
32	505	114020	113401	108734
32	506	114020	112933	108605
32	507	114020	112533	105755
32	508	114020	103957	105755
32	509	114020	99906	106154
32	510	114020	92454.4	108646
32	511	114020	107633	107090
32	512	114020	109733	107113
32	513	114020	108632	99645
32	514	114020	107391	93532.4
32	515	114020	111687	92899.8
32	516	114020	111069	98849.5
32	517	114020	101959	98990.2
32	518	114020	105636	98585.6
32	519	114020	107190	101219
32	520	114020	109106	101219
32	521	114020	105932	100703
32	522	114020	110305	100703
32	523	114020	110867	100684
32	524	114020	113564	100684
32	525	114020	113783	99230
32	526	114020	109888	94787.5
32	527	114020	112517	94673.6
32	528	114020	109484	113384
32	529	114020	112917	111815
32	530	114020	110570	115546
32	531	114020	113118	115546
32	532	114020	111918	116123
32	533	114020	112787	113419
32	534	114020	113440	112041
32	535	114020	112426	112233
32	536	114020	104657	112531
32	537	114020	102643	116855
32	538	114020	109179	123702
32	539	114020	113113	104067
32	540	114020	112299	113899
32	541	114020	113136	114952
32	542	114020	106044	114732
32	543	114020	110650	113823
32	544	114020	113558	123164
32	545	114020	112776	153331
32	546	114020	111036	156237
32	547	114020	112195	156237
32	548	114020	112288	156305
32	549	114020	111003	154333
32	550	114020	111117	152871
32	551	114020	113864	155360
32	552	114020	112831	149926
32	553	114020	111752	166642
32	554	114020	107476	168776
32	555	114020	112749	129113
32	556	114020	112749	122285
32	557	114020	103653	120452
32	558	114020	105382	121912
32	559	114020	104956	122194
32	560	114020	105718	118667
32	561	114020	113551	130313
32	562	114020	112802	132489
32	563	114020	105541	134097
32	564	114020	103571	129885
32	565	114020	107844	117565
32	566	114020	112929	107520
32	567	114020	112548	119192
32	568	114020	112897	117314
32	569	114020	109626	120391
32	570	114020	110347	119681
32	571	114020	112012	119681
32	572	114020	111047	119862
32	573	114020	102638	119468
32	574	114020	109139	120624
32	575	114020	106130	120949
32	576	114020	104596	105415
32	577	114020	106199	97579.9
32	578	114020	108031	99208.7
32	579	114020	111607	91748.3
32	580	114020	110618	92719
32	581	114020	113977	87670.9
32	582	114020	113372	85428.3
32	583	114020	113878	86366.5
32	584	114020	113346	90138.1
32	585	114020	112011	90138.1
32	586	114020	112931	88213.6
32	587	114020	113173	86939.2
32	588	114020	112070	91424.4
32	589	114020	113876	95970.9
32	590	114020	113438	95972.7
32	591	114020	113446	96665.2
32	592	114020	113872	98587.9
32	593	114020	112553	104452
32	594	114020	111059	105074
32	595	114020	111590	103974
32	596	114020	111843	105509
32	597	114020	113406	108159
32	598	114020	113540	107717
32	599	114020	113495	109239
32	600	114020	110567	105027
32	601	114020	113048	113529
32	602	114020	110267	113529
32	603	114020	111522	105563
32	604	114020	104972	105543
32	605	114020	112369	114331
32	606	114020	113101	107949
32	607	114020	110733	113451
32	608	114020	111790	113063
32	609	114020	108956	104243
32	610	114020	99458.8	110263
32	611	114020	110497	114587
32	612	114020	110388	117864
32	613	114020	111736	118732
32	614	114020	101083	119406
32	615	114020	106651	117283
32	616	114020	113815	113774
32	617	114020	113793	129322
32	618	114020	112389	129346
32	619	114020	112118	126804
32	620	114020	112148	126691
32	621	114020	106573	126691
32	622	114020	110476	124279
32	623	114020	112788	131950
32	624	114020	111826	132658
32	625	114020	110741	135064
32	626	114020	107134	132798
32	627	114020	106486	132849
32	628	114020	113833	125133
32	629	114020	111813	125402
32	630	114020	110378	122446
32	631	114020	108476	124576
32	632	114020	113867	124578
32	633	114020	113425	124602
32	634	114020	109264	118844
32	635	114020	113156	126362
32	636	114020	112834	126371
32	637	114020	110004	130864
32	638	114020	110970	130473
32	639	114020	110356	119723
32	640	114020	108580	108541
32	641	114020	106020	108804
32	642	114020	106832	108786
32	643	114020	109927	108934
32	644	114020	111736	108934
32	645	114020	109005	110297
32	646	114020	108215	111004
32	647	114020	111960	114800
32	648	114020	111551	109474
32	649	114020	108663	107245
32	650	114020	107893	109049
32	651	114020	110920	108959
32	652	114020	113622	94759.2
32	653	114020	111607	101496
32	654	114020	102214	97227.7
32	655	114020	106639	97150.4
32	656	114020	112029	95357.8
32	657	114020	102837	96425
32	658	114020	107827	114268
32	659	114020	110539	105641
32	660	114020	113902	104724
32	661	114020	113206	104724
32	662	114020	112975	104719
32	663	114020	112907	106582
32	664	114020	91763.1	106930
32	665	114020	102202	100650
32	666	114020	104530	104290
32	667	114020	110547	104290
32	668	114020	108826	110975
32	669	114020	112350	111833
32	670	114020	110368	115928
32	671	114020	109838	119237
32	672	114020	108998	119237
32	673	114020	112289	115747
32	674	114020	111489	115452
32	675	114020	110718	113943
32	676	114020	108281	113943
32	677	114020	113918	111712
32	678	114020	113767	112519
32	679	114020	110248	112709
32	680	114020	112463	110164
32	681	114020	113121	110164
32	682	114020	110464	111636
32	683	114020	108310	119888
32	684	114020	105538	119332
32	685	114020	112094	100522
32	686	114020	111191	104985
32	687	114020	113898	114573
32	688	114020	112568	118068
32	689	114020	109584	119242
32	690	114020	105640	109902
32	691	114020	104544	107297
32	692	114020	112894	87192
32	693	114020	112245	87192
32	694	114020	113655	93967.8
32	695	114020	108167	91110.8
32	696	114020	112352	89206.1
32	697	114020	110130	94529.7
32	698	114020	111172	86688.6
32	699	114020	108998	92083.1
32	700	114020	105477	93546
32	701	114020	106750	92999.6
32	702	114020	111226	93436
32	703	114020	111615	93507.6
32	704	114020	113686	89652.1
32	705	114020	109525	88365.8
32	706	114020	113106	95995.5
32	707	114020	110125	94210.4
32	708	114020	109690	94482.1
32	709	114020	112082	105409
32	710	114020	108556	118469
32	711	114020	113466	118514
32	712	114020	107681	118514
32	713	114020	111016	113956
32	714	114020	105022	105809
32	715	114020	104820	106761
32	716	114020	108159	103653
32	717	114020	111148	83305.7
32	718	114020	104845	106116
32	719	114020	108894	118001
32	720	114020	110396	113170
32	721	114020	111766	113705
32	722	114020	106295	108593
32	723	114020	112400	106209
32	724	114020	111826	106209
32	725	114020	113635	106229
32	726	114020	110362	97479.4
32	727	114020	111059	96822.5
32	728	114020	113817	111474
32	729	114020	112347	110410
32	730	114020	113933	103800
32	731	114020	113896	103801
32	732	114020	113247	104498
32	733	114020	111242	104055
32	734	114020	109493	101223
32	735	114020	110532	104604
32	736	114020	109130	104604
32	737	114020	111486	104476
32	738	114020	112067	95887.6
32	739	114020	111652	95162.4
32	740	114020	109281	102441
32	741	114020	108430	94827.8
32	742	114020	108989	94133.9
32	743	114020	113514	86635.7
32	744	114020	111225	88082.4
32	745	114020	111040	89354.2
32	746	114020	112613	89996.2
32	747	114020	110852	89996.2
32	748	114020	111820	89422
32	749	114020	112541	88300.4
32	750	114020	112676	88300.4
32	751	114020	112792	91037.8
32	752	114020	105920	98985.3
32	753	114020	110843	97419.2
32	754	114020	112873	97349.5
32	755	114020	112668	97948.3
32	756	114020	113849	91504
32	757	114020	110029	95037.2
32	758	114020	109604	94653.4
32	759	114020	109129	85702.8
32	760	114020	110218	84421.9
32	761	114020	110994	83012.5
32	762	114020	111509	81817.6
32	763	114020	109462	81858.3
32	764	114020	103359	73095.9
32	765	114020	106936	75432.6
32	766	114020	112161	75458.5
32	767	114020	113256	73157.5
32	768	114020	107173	88588.5
32	769	114020	106619	96153.4
32	770	114020	109418	89207
32	771	114020	107146	90917.1
32	772	114020	110086	91175.4
32	773	114020	112394	90653.7
32	774	114020	109933	81545.4
32	775	114020	100329	89528.3
32	776	114020	94148.6	102561
32	777	114020	108943	98066.7
32	778	114020	112859	102694
32	779	114020	113094	99073.3
32	780	114020	110294	89931.8
32	781	114020	110488	84204.3
32	782	114020	113559	78464.8
32	783	114020	113652	76153.2
32	784	114020	109515	78391.1
32	785	114020	111100	80279.1
32	786	114020	113191	88302.8
32	787	114020	112150	89496.7
32	788	114020	113883	106305
32	789	114020	113503	109562
32	790	114020	113814	109466
32	791	114020	111688	109382
32	792	114020	111128	110137
32	793	114020	111896	116615
32	794	114020	113346	116615
32	795	114020	113836	106958
32	796	114020	110675	117907
32	797	114020	104198	117907
32	798	114020	112640	116910
32	799	114020	113289	115450
32	800	114020	110350	115991
32	801	114020	113758	130735
32	802	114020	111778	105855
32	803	114020	109836	106298
32	804	114020	107994	106601
32	805	114020	110218	105794
32	806	114020	109595	105468
32	807	114020	110818	111494
32	808	114020	109296	113924
32	809	114020	109997	113782
32	810	114020	112938	112755
32	811	114020	112922	113352
32	812	114020	113531	114063
32	813	114020	113883	113623
32	814	114020	110428	113610
32	815	114020	112984	115074
32	816	114020	110061	113777
32	817	114020	109937	117383
32	818	114020	111740	114494
32	819	114020	113445	114204
32	820	114020	113695	113774
32	821	114020	108944	117815
32	822	114020	108432	121321
32	823	114020	113199	147131
32	824	114020	111940	145915
32	825	114020	112960	145669
32	826	114020	112878	146555
32	827	114020	106125	143002
32	828	114020	109431	142252
32	829	114020	109380	125287
32	830	114020	113797	124316
32	831	114020	108890	124935
32	832	114020	111170	122463
32	833	114020	112242	122460
32	834	114020	110806	121911
32	835	114020	112288	132933
32	836	114020	113299	127007
32	837	114020	113692	147070
32	838	114020	108575	142268
32	839	114020	113483	138587
32	840	114020	112650	148997
32	841	114020	113395	141120
32	842	114020	111148	139892
32	843	114020	112797	136095
32	844	114020	111543	136095
32	845	114020	111860	127959
32	846	114020	111088	126563
32	847	114020	112947	128964
32	848	114020	108652	130133
32	849	114020	105968	127240
32	850	114020	108696	133182
32	851	114020	110543	134038
32	852	114020	112446	118859
32	853	114020	112389	118846
32	854	114020	107732	118846
32	855	114020	112846	108930
32	856	114020	112709	108455
32	857	114020	110879	112750
32	858	114020	108611	111456
32	859	114020	113688	116282
32	860	114020	110338	120871
32	861	114020	112093	117221
32	862	114020	112654	123869
32	863	114020	111666	123869
32	864	114020	111582	123869
32	865	114020	113997	118190
32	866	114020	113518	116234
32	867	114020	110067	105376
32	868	114020	111203	105376
32	869	114020	110754	104737
32	870	114020	108584	105121
32	871	114020	109447	105552
32	872	114020	102265	99895.9
32	873	114020	107957	99778
32	874	114020	107185	103217
32	875	114020	104583	111539
32	876	114020	113583	116841
32	877	114020	110688	120737
32	878	114020	112726	121038
32	879	114020	112970	118177
32	880	114020	112292	117124
32	881	114020	109310	117261
32	882	114020	112481	117261
32	883	114020	112086	113380
32	884	114020	104492	113505
32	885	114020	109875	112205
32	886	114020	111010	110377
32	887	114020	110529	120271
32	888	114020	107563	124432
32	889	114020	104936	120968
32	890	114020	102094	121238
32	891	114020	104558	116080
32	892	114020	103839	116080
32	893	114020	112643	115990
32	894	114020	110975	114229
32	895	114020	113033	110499
32	896	114020	109796	111169
32	897	114020	107242	112108
32	898	114020	102821	105554
32	899	114020	110561	107847
32	900	114020	112546	97153.6